1	21 
2	92 
3	52 
4	131 
5	43 
6	2 
7	65 
8	8 
9	43 
10	86 
11	6 
12	9 
13	44 
14	60 
15	116 
16	111 
17	55 
18	85 
19	83 
20	126 
21	25 
22	8 
23	126 
24	44 
25	6 
26	88 
27	16 
28	5 
29	57 
30	60 
31	73 
32	8 
33	59 
34	115 
35	38 
36	52 
37	13 
38	9 
39	35 
40	59 
41	98 
42	3 
43	134 
44	61 
45	66 
46	67 
47	17 
48	34 
49	89 
50	44 
51	74 
52	71 
53	89 
54	127 
55	44 
56	11 
57	102 
58	67 
59	15 
60	34 
61	16 
62	100 
63	30 
64	52 
65	128 
66	51 
67	56 
68	46 
69	11 
70	34 
71	41 
72	29 
73	5 
74	60 
75	32 
76	64 
77	10 
78	115 
79	127 
80	19 
81	123 
82	2 
83	47 
84	79 
85	84 
86	3 
87	132 
88	93 
89	46 
90	63 
91	44 
92	56 
93	28 
94	7 
95	100 
96	60 
97	85 
98	122 
99	88 
100	82 
101	22 
102	99 
103	44 
104	60 
105	61 
106	68 
107	50 
108	24 
109	51 
110	2 
111	91 
112	47 
113	102 
114	61 
115	67 
116	40 
117	69 
118	124 
119	41 
120	90 
121	92 
122	133 
123	16 
124	70 
125	130 
126	38 
127	20 
128	105 
129	77 
130	21 
131	106 
132	43 
133	28 
134	8 
135	10 
136	51 
137	24 
138	20 
139	88 
140	122 
141	94 
142	63 
143	124 
144	69 
145	59 
146	8 
147	16 
148	58 
149	74 
150	9 
151	101 
152	78 
153	105 
154	26 
155	103 
156	34 
157	50 
158	85 
159	129 
160	38 
161	77 
162	117 
163	40 
164	60 
165	120 
166	56 
167	52 
168	50 
169	79 
170	32 
171	18 
172	9 
173	28 
174	116 
175	67 
176	107 
177	2 
178	133 
179	38 
180	20 
181	54 
182	101 
183	18 
184	101 
185	48 
186	4 
187	96 
188	67 
189	81 
190	26 
191	19 
192	88 
193	2 
194	80 
195	75 
196	104 
197	34 
198	6 
199	108 
200	35 
201	65 
202	3 
203	50 
204	116 
205	22 
206	109 
207	34 
208	110 
209	35 
210	9 
211	45 
212	46 
213	25 
214	22 
215	135 
216	9 
217	17 
218	61 
219	120 
220	79 
221	43 
222	7 
223	97 
224	106 
225	22 
226	15 
227	121 
228	127 
229	13 
230	28 
231	22 
232	63 
233	98 
234	115 
235	74 
236	88 
237	60 
238	63 
239	51 
240	133 
241	11 
242	130 
243	112 
244	85 
245	100 
246	71 
247	19 
248	63 
249	50 
250	111 
251	100 
252	125 
253	103 
254	129 
255	34 
256	12 
257	55 
258	96 
259	97 
260	45 
261	126 
262	71 
263	79 
264	43 
265	96 
266	11 
267	8 
268	43 
269	61 
270	89 
271	26 
272	60 
273	33 
274	28 
275	109 
276	32 
277	12 
278	71 
279	62 
280	107 
281	131 
282	65 
283	10 
284	130 
285	119 
286	12 
287	5 
288	79 
289	6 
290	60 
291	11 
292	127 
293	15 
294	39 
295	32 
296	25 
297	104 
298	94 
299	63 
300	99 
301	100 
302	102 
303	62 
304	37 
305	18 
306	90 
307	111 
308	18 
309	28 
310	127 
311	73 
312	92 
313	106 
314	82 
315	101 
316	133 
317	59 
318	135 
319	120 
320	35 
321	33 
322	35 
323	128 
324	27 
325	47 
326	131 
327	61 
328	88 
329	21 
330	135 
331	22 
332	61 
333	46 
334	15 
335	95 
336	132 
337	102 
338	11 
339	103 
340	119 
341	122 
342	44 
343	57 
344	8 
345	87 
346	80 
347	131 
348	50 
349	86 
350	3 
351	101 
352	95 
353	27 
354	5 
355	119 
356	119 
357	103 
358	11 
359	71 
360	133 
361	3 
362	107 
363	118 
364	27 
365	93 
366	31 
367	15 
368	101 
369	3 
370	55 
371	111 
372	131 
373	26 
374	83 
375	51 
376	78 
377	65 
378	69 
379	55 
380	135 
381	69 
382	40 
383	3 
384	45 
385	64 
386	16 
387	124 
388	118 
389	95 
390	33 
391	134 
392	4 
393	109 
394	69 
395	64 
396	67 
397	31 
398	42 
399	106 
400	102 
401	30 
402	46 
403	14 
404	49 
405	134 
406	116 
407	71 
408	93 
409	21 
410	92 
411	72 
412	22 
413	75 
414	55 
415	82 
416	49 
417	79 
418	71 
419	102 
420	133 
421	45 
422	36 
423	65 
424	6 
425	90 
426	72 
427	52 
428	38 
429	1 
430	59 
431	78 
432	22 
433	64 
434	119 
435	33 
436	104 
437	103 
438	96 
439	116 
440	29 
441	119 
442	61 
443	65 
444	125 
445	120 
446	63 
447	116 
448	1 
449	80 
450	88 
451	105 
452	95 
453	129 
454	50 
455	75 
456	87 
457	118 
458	92 
459	123 
460	129 
461	3 
462	86 
463	103 
464	61 
465	42 
466	37 
467	61 
468	92 
469	48 
470	34 
471	80 
472	132 
473	6 
474	102 
475	83 
476	37 
477	98 
478	27 
479	52 
480	34 
481	126 
482	27 
483	132 
484	25 
485	105 
486	94 
487	11 
488	69 
489	65 
490	98 
491	17 
492	33 
493	36 
494	44 
495	75 
496	132 
497	116 
498	43 
499	87 
500	69 
501	112 
502	60 
503	104 
504	49 
505	73 
506	34 
507	32 
508	23 
509	83 
510	62 
511	20 
512	116 
513	110 
514	129 
515	108 
516	12 
517	64 
518	79 
519	134 
520	116 
521	11 
522	83 
523	19 
524	115 
525	52 
526	43 
527	118 
528	52 
529	40 
530	3 
531	17 
532	66 
533	9 
534	69 
535	30 
536	117 
537	77 
538	120 
539	50 
540	100 
541	103 
542	44 
543	26 
544	44 
545	35 
546	92 
547	7 
548	46 
549	88 
550	103 
551	117 
552	52 
553	133 
554	131 
555	44 
556	50 
557	113 
558	91 
559	81 
560	120 
561	40 
562	109 
563	5 
564	49 
565	67 
566	42 
567	44 
568	38 
569	53 
570	133 
571	122 
572	114 
573	92 
574	49 
575	65 
576	101 
577	22 
578	93 
579	133 
580	125 
581	13 
582	94 
583	3 
584	90 
585	123 
586	34 
587	56 
588	53 
589	38 
590	65 
591	133 
592	54 
593	41 
594	120 
595	135 
596	134 
597	92 
598	120 
599	70 
600	51 
601	121 
602	47 
603	53 
604	119 
605	121 
606	114 
607	134 
608	52 
609	125 
610	54 
611	41 
612	37 
613	29 
614	131 
615	115 
616	6 
617	109 
618	39 
619	133 
620	119 
621	51 
622	93 
623	24 
624	114 
625	60 
626	50 
627	88 
628	101 
629	101 
630	44 
631	52 
632	109 
633	44 
634	126 
635	83 
636	34 
637	29 
638	109 
639	97 
640	112 
641	50 
642	103 
643	43 
644	88 
645	84 
646	102 
647	52 
648	57 
649	42 
650	92 
651	77 
652	75 
653	5 
654	13 
655	27 
656	6 
657	19 
658	77 
659	3 
660	35 
661	127 
662	120 
663	95 
664	90 
665	54 
666	40 
667	46 
668	24 
669	39 
670	118 
671	52 
672	99 
673	45 
674	80 
675	43 
676	18 
677	74 
678	25 
679	11 
680	60 
681	68 
682	3 
683	83 
684	73 
685	65 
686	90 
687	54 
688	73 
689	92 
690	65 
691	17 
692	6 
693	15 
694	70 
695	52 
696	45 
697	133 
698	15 
699	81 
700	33 
701	71 
702	7 
703	98 
704	20 
705	124 
706	61 
707	110 
708	81 
709	39 
710	114 
711	65 
712	52 
713	105 
714	44 
715	61 
716	88 
717	35 
718	84 
719	1 
720	65 
721	15 
722	35 
723	46 
724	74 
725	126 
726	54 
727	109 
728	22 
729	80 
730	28 
731	61 
732	45 
733	85 
734	83 
735	35 
736	120 
737	46 
738	71 
739	131 
740	127 
741	101 
742	134 
743	76 
744	88 
745	45 
746	20 
747	45 
748	6 
749	116 
750	31 
751	117 
752	97 
753	65 
754	119 
755	59 
756	69 
757	89 
758	103 
759	103 
760	78 
761	96 
762	51 
763	23 
764	32 
765	108 
766	73 
767	74 
768	83 
769	123 
770	84 
771	16 
772	90 
773	66 
774	33 
775	32 
776	69 
777	126 
778	114 
779	29 
780	35 
781	130 
782	60 
783	88 
784	111 
785	53 
786	35 
787	121 
788	61 
789	95 
790	33 
791	135 
792	45 
793	58 
794	134 
795	116 
796	69 
797	50 
798	66 
799	9 
800	35 
801	50 
802	85 
803	44 
804	38 
805	70 
806	88 
807	40 
808	60 
809	14 
810	102 
811	82 
812	100 
813	93 
814	102 
815	3 
816	118 
817	132 
818	21 
819	13 
820	72 
821	74 
822	46 
823	113 
824	74 
825	102 
826	6 
827	110 
828	103 
829	130 
830	34 
831	131 
832	68 
833	127 
834	98 
835	44 
836	48 
837	80 
838	81 
839	51 
840	87 
841	90 
842	120 
843	74 
844	46 
845	116 
846	52 
847	37 
848	49 
849	50 
850	62 
851	103 
852	77 
853	26 
854	60 
855	63 
856	102 
857	31 
858	61 
859	104 
860	93 
861	7 
862	78 
863	61 
864	113 
865	67 
866	77 
867	12 
868	25 
869	101 
870	48 
871	67 
872	127 
873	60 
874	26 
875	15 
876	49 
877	75 
878	122 
879	76 
880	92 
881	92 
882	35 
883	81 
884	107 
885	76 
886	83 
887	31 
888	97 
889	90 
890	80 
891	13 
892	114 
893	112 
894	46 
895	32 
896	63 
897	126 
898	39 
899	55 
900	96 
901	94 
902	40 
903	9 
904	128 
905	46 
906	12 
907	87 
908	60 
909	51 
910	90 
911	49 
912	60 
913	87 
914	50 
915	59 
916	37 
917	7 
918	120 
919	22 
920	133 
921	65 
922	34 
923	60 
924	20 
925	102 
926	112 
927	104 
928	71 
929	24 
930	82 
931	35 
932	52 
933	68 
934	3 
935	100 
936	94 
937	70 
938	25 
939	45 
940	72 
941	25 
942	33 
943	70 
944	16 
945	85 
946	22 
947	86 
948	129 
949	99 
950	59 
951	75 
952	131 
953	57 
954	65 
955	115 
956	58 
957	61 
958	62 
959	95 
960	102 
961	80 
962	96 
963	15 
964	49 
965	47 
966	102 
967	122 
968	97 
969	8 
970	130 
971	6 
972	88 
973	102 
974	93 
975	87 
976	35 
977	68 
978	20 
979	88 
980	52 
981	74 
982	11 
983	102 
984	36 
985	18 
986	4 
987	63 
988	121 
989	44 
990	104 
991	50 
992	95 
993	43 
994	47 
995	59 
996	69 
997	29 
998	43 
999	119 
1000	89 
1001	81 
1002	27 
1003	21 
1004	65 
1005	35 
1006	65 
1007	122 
1008	97 
1009	11 
1010	52 
1011	57 
1012	112 
1013	123 
1014	98 
1015	50 
1016	51 
1017	135 
1018	27 
1019	122 
1020	2 
1021	32 
1022	61 
1023	13 
1024	53 
1025	34 
1026	23 
1027	43 
1028	90 
1029	83 
1030	78 
1031	18 
1032	93 
1033	81 
1034	126 
1035	126 
1036	122 
1037	131 
1038	90 
1039	90 
1040	80 
1041	61 
1042	39 
1043	86 
1044	56 
1045	44 
1046	119 
1047	59 
1048	86 
1049	70 
1050	2 
1051	10 
1052	71 
1053	122 
1054	82 
1055	1 
1056	50 
1057	83 
1058	122 
1059	80 
1060	110 
1061	45 
1062	15 
1063	11 
1064	21 
1065	75 
1066	134 
1067	85 
1068	59 
1069	56 
1070	46 
1071	80 
1072	20 
1073	118 
1074	93 
1075	52 
1076	92 
1077	2 
1078	34 
1079	52 
1080	93 
1081	61 
1082	25 
1083	61 
1084	135 
1085	7 
1086	11 
1087	37 
1088	49 
1089	59 
1090	114 
1091	50 
1092	30 
1093	21 
1094	51 
1095	75 
1096	53 
1097	110 
1098	128 
1099	71 
1100	69 
1101	18 
1102	24 
1103	93 
1104	6 
1105	101 
1106	85 
1107	86 
1108	62 
1109	132 
1110	89 
1111	76 
1112	78 
1113	21 
1114	11 
1115	44 
1116	102 
1117	50 
1118	63 
1119	44 
1120	122 
1121	129 
1122	88 
1123	87 
1124	120 
1125	83 
1126	108 
1127	127 
1128	63 
1129	32 
1130	12 
1131	16 
1132	71 
1133	114 
1134	115 
1135	113 
1136	101 
1137	126 
1138	63 
1139	84 
1140	41 
1141	133 
1142	119 
1143	15 
1144	18 
1145	29 
1146	69 
1147	56 
1148	73 
1149	19 
1150	59 
1151	22 
1152	22 
1153	25 
1154	37 
1155	19 
1156	48 
1157	103 
1158	113 
1159	106 
1160	20 
1161	48 
1162	80 
1163	113 
1164	91 
1165	98 
1166	27 
1167	107 
1168	109 
1169	4 
1170	37 
1171	63 
1172	5 
1173	45 
1174	32 
1175	68 
1176	11 
1177	103 
1178	35 
1179	133 
1180	63 
1181	2 
1182	25 
1183	132 
1184	1 
1185	112 
1186	72 
1187	132 
1188	57 
1189	83 
1190	59 
1191	83 
1192	88 
1193	32 
1194	3 
1195	43 
1196	64 
1197	126 
1198	16 
1199	44 
1200	95 
1201	32 
1202	44 
1203	71 
1204	98 
1205	107 
1206	71 
1207	49 
1208	40 
1209	90 
1210	52 
1211	34 
1212	4 
1213	104 
1214	92 
1215	22 
1216	51 
1217	13 
1218	101 
1219	57 
1220	62 
1221	116 
1222	91 
1223	35 
1224	89 
1225	65 
1226	1 
1227	52 
1228	24 
1229	65 
1230	126 
1231	3 
1232	85 
1233	27 
1234	6 
1235	56 
1236	33 
1237	14 
1238	36 
1239	15 
1240	84 
1241	125 
1242	122 
1243	128 
1244	88 
1245	31 
1246	74 
1247	25 
1248	63 
1249	133 
1250	110 
1251	18 
1252	117 
1253	16 
1254	38 
1255	74 
1256	83 
1257	105 
1258	101 
1259	102 
1260	131 
1261	10 
1262	125 
1263	91 
1264	133 
1265	66 
1266	91 
1267	129 
1268	107 
1269	28 
1270	116 
1271	135 
1272	77 
1273	34 
1274	35 
1275	61 
1276	19 
1277	37 
1278	133 
1279	119 
1280	102 
1281	63 
1282	31 
1283	21 
1284	39 
1285	19 
1286	65 
1287	56 
1288	92 
1289	90 
1290	40 
1291	45 
1292	59 
1293	74 
1294	134 
1295	14 
1296	101 
1297	26 
1298	53 
1299	20 
1300	4 
1301	63 
1302	41 
1303	22 
1304	31 
1305	60 
1306	35 
1307	32 
1308	10 
1309	34 
1310	69 
1311	9 
1312	33 
1313	84 
1314	83 
1315	37 
1316	110 
1317	52 
1318	32 
1319	22 
1320	38 
1321	25 
1322	104 
1323	50 
1324	127 
1325	5 
1326	44 
1327	3 
1328	1 
1329	68 
1330	22 
1331	105 
1332	3 
1333	6 
1334	63 
1335	111 
1336	95 
1337	20 
1338	109 
1339	92 
1340	68 
1341	131 
1342	83 
1343	16 
1344	120 
1345	30 
1346	99 
1347	109 
1348	70 
1349	126 
1350	87 
1351	32 
1352	128 
1353	116 
1354	56 
1355	52 
1356	70 
1357	79 
1358	34 
1359	129 
1360	48 
1361	127 
1362	28 
1363	33 
1364	43 
1365	129 
1366	101 
1367	55 
1368	102 
1369	133 
1370	109 
1371	125 
1372	96 
1373	107 
1374	35 
1375	27 
1376	68 
1377	52 
1378	56 
1379	33 
1380	93 
1381	107 
1382	124 
1383	33 
1384	86 
1385	22 
1386	101 
1387	28 
1388	38 
1389	126 
1390	5 
1391	86 
1392	93 
1393	44 
1394	113 
1395	71 
1396	103 
1397	71 
1398	134 
1399	64 
1400	46 
1401	40 
1402	32 
1403	8 
1404	116 
1405	56 
1406	106 
1407	19 
1408	14 
1409	16 
1410	67 
1411	92 
1412	135 
1413	8 
1414	116 
1415	59 
1416	6 
1417	81 
1418	117 
1419	128 
1420	28 
1421	77 
1422	81 
1423	93 
1424	81 
1425	5 
1426	34 
1427	95 
1428	4 
1429	44 
1430	30 
1431	74 
1432	133 
1433	98 
1434	60 
1435	112 
1436	67 
1437	94 
1438	82 
1439	103 
1440	125 
1441	71 
1442	67 
1443	56 
1444	45 
1445	3 
1446	88 
1447	30 
1448	119 
1449	83 
1450	124 
1451	85 
1452	46 
1453	133 
1454	83 
1455	60 
1456	113 
1457	85 
1458	95 
1459	105 
1460	42 
1461	133 
1462	37 
1463	122 
1464	50 
1465	76 
1466	23 
1467	129 
1468	76 
1469	131 
1470	103 
1471	33 
1472	14 
1473	3 
1474	72 
1475	60 
1476	122 
1477	102 
1478	100 
1479	108 
1480	127 
1481	22 
1482	110 
1483	116 
1484	27 
1485	68 
1486	126 
1487	107 
1488	60 
1489	4 
1490	92 
1491	10 
1492	20 
1493	65 
1494	57 
1495	101 
1496	14 
1497	119 
1498	63 
1499	111 
1500	21 
1501	64 
1502	38 
1503	58 
1504	87 
1505	125 
1506	27 
1507	131 
1508	122 
1509	61 
1510	74 
1511	62 
1512	1 
1513	68 
1514	5 
1515	36 
1516	69 
1517	25 
1518	119 
1519	21 
1520	65 
1521	114 
1522	127 
1523	18 
1524	45 
1525	19 
1526	71 
1527	101 
1528	79 
1529	99 
1530	112 
1531	35 
1532	95 
1533	7 
1534	3 
1535	103 
1536	101 
1537	76 
1538	120 
1539	14 
1540	71 
1541	86 
1542	124 
1543	129 
1544	71 
1545	127 
1546	65 
1547	28 
1548	6 
1549	21 
1550	115 
1551	9 
1552	116 
1553	42 
1554	17 
1555	2 
1556	116 
1557	52 
1558	35 
1559	101 
1560	85 
1561	54 
1562	72 
1563	57 
1564	23 
1565	77 
1566	21 
1567	69 
1568	50 
1569	133 
1570	101 
1571	133 
1572	107 
1573	15 
1574	43 
1575	31 
1576	105 
1577	88 
1578	7 
1579	25 
1580	15 
1581	108 
1582	60 
1583	42 
1584	113 
1585	87 
1586	40 
1587	20 
1588	45 
1589	22 
1590	19 
1591	133 
1592	92 
1593	37 
1594	36 
1595	21 
1596	24 
1597	9 
1598	125 
1599	70 
1600	90 
1601	50 
1602	59 
1603	4 
1604	92 
1605	31 
1606	127 
1607	125 
1608	102 
1609	20 
1610	64 
1611	102 
1612	117 
1613	129 
1614	126 
1615	93 
1616	42 
1617	14 
1618	33 
1619	24 
1620	72 
1621	69 
1622	81 
1623	27 
1624	1 
1625	83 
1626	30 
1627	71 
1628	129 
1629	48 
1630	57 
1631	102 
1632	127 
1633	19 
1634	92 
1635	45 
1636	112 
1637	103 
1638	103 
1639	86 
1640	69 
1641	130 
1642	11 
1643	11 
1644	44 
1645	43 
1646	119 
1647	18 
1648	15 
1649	22 
1650	125 
1651	20 
1652	100 
1653	44 
1654	98 
1655	41 
1656	81 
1657	43 
1658	46 
1659	50 
1660	85 
1661	90 
1662	129 
1663	6 
1664	86 
1665	23 
1666	23 
1667	53 
1668	44 
1669	71 
1670	5 
1671	71 
1672	74 
1673	36 
1674	23 
1675	2 
1676	121 
1677	21 
1678	74 
1679	61 
1680	15 
1681	90 
1682	74 
1683	10 
1684	32 
1685	19 
1686	114 
1687	52 
1688	38 
1689	46 
1690	133 
1691	104 
1692	88 
1693	97 
1694	95 
1695	2 
1696	5 
1697	18 
1698	95 
1699	2 
1700	44 
1701	133 
1702	129 
1703	87 
1704	15 
1705	25 
1706	127 
1707	52 
1708	133 
1709	88 
1710	133 
1711	36 
1712	11 
1713	52 
1714	101 
1715	58 
1716	24 
1717	2 
1718	52 
1719	1 
1720	60 
1721	75 
1722	119 
1723	31 
1724	1 
1725	97 
1726	103 
1727	35 
1728	57 
1729	58 
1730	61 
1731	13 
1732	16 
1733	63 
1734	110 
1735	62 
1736	33 
1737	93 
1738	25 
1739	100 
1740	83 
1741	45 
1742	61 
1743	60 
1744	57 
1745	33 
1746	81 
1747	52 
1748	44 
1749	108 
1750	44 
1751	52 
1752	6 
1753	99 
1754	134 
1755	131 
1756	92 
1757	20 
1758	33 
1759	78 
1760	131 
1761	69 
1762	23 
1763	101 
1764	74 
1765	15 
1766	46 
1767	107 
1768	1 
1769	91 
1770	98 
1771	46 
1772	110 
1773	73 
1774	37 
1775	6 
1776	127 
1777	85 
1778	87 
1779	49 
1780	30 
1781	37 
1782	23 
1783	50 
1784	32 
1785	93 
1786	127 
1787	119 
1788	61 
1789	104 
1790	80 
1791	1 
1792	95 
1793	71 
1794	35 
1795	85 
1796	56 
1797	123 
1798	5 
1799	101 
1800	25 
1801	98 
1802	107 
1803	122 
1804	119 
1805	99 
1806	84 
1807	15 
1808	60 
1809	121 
1810	103 
1811	90 
1812	37 
1813	97 
1814	34 
1815	61 
1816	116 
1817	48 
1818	113 
1819	104 
1820	129 
1821	45 
1822	84 
1823	34 
1824	60 
1825	35 
1826	21 
1827	104 
1828	106 
1829	71 
1830	118 
1831	60 
1832	67 
1833	53 
1834	61 
1835	118 
1836	45 
1837	129 
1838	133 
1839	49 
1840	47 
1841	86 
1842	50 
1843	72 
1844	101 
1845	106 
1846	80 
1847	133 
1848	102 
1849	119 
1850	87 
1851	5 
1852	47 
1853	46 
1854	113 
1855	45 
1856	45 
1857	36 
1858	76 
1859	10 
1860	122 
1861	131 
1862	116 
1863	91 
1864	119 
1865	4 
1866	14 
1867	13 
1868	134 
1869	14 
1870	25 
1871	23 
1872	22 
1873	95 
1874	123 
1875	18 
1876	58 
1877	32 
1878	129 
1879	110 
1880	131 
1881	46 
1882	69 
1883	119 
1884	69 
1885	100 
1886	103 
1887	43 
1888	77 
1889	102 
1890	121 
1891	3 
1892	113 
1893	23 
1894	131 
1895	88 
1896	102 
1897	63 
1898	21 
1899	115 
1900	58 
1901	50 
1902	19 
1903	74 
1904	133 
1905	60 
1906	34 
1907	20 
1908	113 
1909	32 
1910	116 
1911	40 
1912	99 
1913	128 
1914	113 
1915	13 
1916	69 
1917	19 
1918	129 
1919	127 
1920	106 
1921	111 
1922	36 
1923	119 
1924	16 
1925	34 
1926	34 
1927	34 
1928	7 
1929	127 
1930	35 
1931	46 
1932	34 
1933	49 
1934	51 
1935	30 
1936	34 
1937	102 
1938	117 
1939	6 
1940	108 
1941	85 
1942	88 
1943	6 
1944	22 
1945	21 
1946	12 
1947	103 
1948	61 
1949	18 
1950	6 
1951	5 
1952	52 
1953	95 
1954	33 
1955	83 
1956	81 
1957	83 
1958	57 
1959	44 
1960	79 
1961	95 
1962	57 
1963	52 
1964	66 
1965	66 
1966	109 
1967	129 
1968	2 
1969	54 
1970	61 
1971	63 
1972	61 
1973	129 
1974	67 
1975	43 
1976	44 
1977	17 
1978	69 
1979	135 
1980	22 
1981	22 
1982	87 
1983	102 
1984	20 
1985	107 
1986	61 
1987	52 
1988	57 
1989	14 
1990	14 
1991	83 
1992	1 
1993	59 
1994	81 
1995	15 
1996	108 
1997	47 
1998	133 
1999	1 
2000	122 
2001	32 
2002	43 
2003	128 
2004	44 
2005	40 
2006	7 
2007	54 
2008	125 
2009	111 
2010	129 
2011	134 
2012	8 
2013	123 
2014	22 
2015	62 
2016	92 
2017	123 
2018	119 
2019	119 
2020	6 
2021	70 
2022	24 
2023	21 
2024	50 
2025	6 
2026	104 
2027	97 
2028	61 
2029	92 
2030	80 
2031	60 
2032	58 
2033	21 
2034	10 
2035	32 
2036	120 
2037	96 
2038	87 
2039	120 
2040	61 
2041	66 
2042	120 
2043	71 
2044	80 
2045	25 
2046	133 
2047	45 
2048	20 
2049	67 
2050	79 
2051	90 
2052	40 
2053	76 
2054	125 
2055	46 
2056	1 
2057	88 
2058	104 
2059	107 
2060	13 
2061	19 
2062	67 
2063	40 
2064	122 
2065	123 
2066	65 
2067	50 
2068	21 
2069	93 
2070	88 
2071	113 
2072	17 
2073	60 
2074	21 
2075	46 
2076	52 
2077	128 
2078	21 
2079	61 
2080	122 
2081	31 
2082	90 
2083	47 
2084	16 
2085	63 
2086	111 
2087	8 
2088	115 
2089	32 
2090	61 
2091	58 
2092	120 
2093	133 
2094	35 
2095	7 
2096	87 
2097	37 
2098	78 
2099	63 
2100	30 
2101	45 
2102	30 
2103	3 
2104	48 
2105	51 
2106	119 
2107	9 
2108	127 
2109	120 
2110	34 
2111	40 
2112	33 
2113	115 
2114	66 
2115	40 
2116	108 
2117	86 
2118	71 
2119	106 
2120	127 
2121	67 
2122	25 
2123	21 
2124	32 
2125	96 
2126	22 
2127	111 
2128	14 
2129	48 
2130	43 
2131	111 
2132	65 
2133	92 
2134	69 
2135	17 
2136	81 
2137	7 
2138	44 
2139	14 
2140	88 
2141	21 
2142	102 
2143	61 
2144	52 
2145	1 
2146	52 
2147	63 
2148	48 
2149	23 
2150	110 
2151	123 
2152	108 
2153	48 
2154	86 
2155	24 
2156	45 
2157	35 
2158	59 
2159	77 
2160	98 
2161	78 
2162	93 
2163	50 
2164	32 
2165	96 
2166	25 
2167	34 
2168	21 
2169	128 
2170	77 
2171	43 
2172	131 
2173	18 
2174	129 
2175	6 
2176	122 
2177	87 
2178	21 
2179	49 
2180	24 
2181	36 
2182	21 
2183	35 
2184	19 
2185	84 
2186	22 
2187	67 
2188	66 
2189	52 
2190	110 
2191	44 
2192	2 
2193	129 
2194	111 
2195	63 
2196	133 
2197	66 
2198	109 
2199	11 
2200	51 
2201	5 
2202	21 
2203	43 
2204	95 
2205	2 
2206	45 
2207	33 
2208	59 
2209	110 
2210	60 
2211	123 
2212	104 
2213	33 
2214	11 
2215	31 
2216	11 
2217	108 
2218	6 
2219	114 
2220	44 
2221	57 
2222	88 
2223	52 
2224	63 
2225	119 
2226	5 
2227	129 
2228	69 
2229	46 
2230	51 
2231	18 
2232	105 
2233	134 
2234	120 
2235	35 
2236	18 
2237	15 
2238	43 
2239	71 
2240	88 
2241	71 
2242	50 
2243	68 
2244	4 
2245	90 
2246	10 
2247	95 
2248	98 
2249	58 
2250	46 
2251	34 
2252	67 
2253	87 
2254	69 
2255	60 
2256	93 
2257	62 
2258	86 
2259	98 
2260	129 
2261	120 
2262	77 
2263	11 
2264	56 
2265	69 
2266	45 
2267	69 
2268	65 
2269	45 
2270	22 
2271	40 
2272	127 
2273	66 
2274	112 
2275	127 
2276	98 
2277	86 
2278	78 
2279	71 
2280	46 
2281	133 
2282	32 
2283	71 
2284	101 
2285	36 
2286	128 
2287	104 
2288	108 
2289	65 
2290	71 
2291	91 
2292	88 
2293	22 
2294	46 
2295	80 
2296	33 
2297	65 
2298	44 
2299	83 
2300	123 
2301	18 
2302	129 
2303	61 
2304	20 
2305	6 
2306	16 
2307	8 
2308	83 
2309	84 
2310	91 
2311	92 
2312	133 
2313	101 
2314	95 
2315	92 
2316	114 
2317	81 
2318	105 
2319	8 
2320	63 
2321	44 
2322	85 
2323	18 
2324	28 
2325	1 
2326	46 
2327	133 
2328	123 
2329	24 
2330	38 
2331	56 
2332	21 
2333	69 
2334	46 
2335	50 
2336	119 
2337	24 
2338	22 
2339	81 
2340	69 
2341	24 
2342	10 
2343	8 
2344	85 
2345	80 
2346	91 
2347	123 
2348	86 
2349	116 
2350	101 
2351	13 
2352	45 
2353	32 
2354	125 
2355	36 
2356	98 
2357	114 
2358	27 
2359	16 
2360	135 
2361	96 
2362	34 
2363	33 
2364	22 
2365	119 
2366	87 
2367	77 
2368	84 
2369	21 
2370	6 
2371	102 
2372	79 
2373	45 
2374	38 
2375	57 
2376	119 
2377	16 
2378	11 
2379	116 
2380	22 
2381	101 
2382	133 
2383	44 
2384	103 
2385	50 
2386	129 
2387	58 
2388	88 
2389	52 
2390	51 
2391	109 
2392	80 
2393	60 
2394	57 
2395	51 
2396	35 
2397	71 
2398	70 
2399	16 
2400	71 
2401	80 
2402	85 
2403	14 
2404	95 
2405	27 
2406	60 
2407	92 
2408	59 
2409	112 
2410	115 
2411	46 
2412	120 
2413	111 
2414	88 
2415	80 
2416	115 
2417	3 
2418	69 
2419	16 
2420	38 
2421	129 
2422	119 
2423	92 
2424	14 
2425	80 
2426	98 
2427	92 
2428	45 
2429	49 
2430	119 
2431	52 
2432	88 
2433	129 
2434	135 
2435	92 
2436	113 
2437	58 
2438	101 
2439	11 
2440	60 
2441	70 
2442	120 
2443	119 
2444	31 
2445	92 
2446	61 
2447	69 
2448	21 
2449	98 
2450	38 
2451	57 
2452	102 
2453	18 
2454	113 
2455	18 
2456	104 
2457	68 
2458	98 
2459	116 
2460	103 
2461	88 
2462	90 
2463	131 
2464	125 
2465	127 
2466	104 
2467	45 
2468	15 
2469	57 
2470	63 
2471	69 
2472	14 
2473	18 
2474	90 
2475	21 
2476	70 
2477	16 
2478	44 
2479	71 
2480	83 
2481	95 
2482	119 
2483	107 
2484	120 
2485	35 
2486	16 
2487	22 
2488	46 
2489	127 
2490	71 
2491	80 
2492	116 
2493	35 
2494	88 
2495	38 
2496	92 
2497	21 
2498	38 
2499	20 
2500	122 
2501	70 
2502	60 
2503	23 
2504	120 
2505	116 
2506	81 
2507	103 
2508	1 
2509	1 
2510	31 
2511	129 
2512	103 
2513	40 
2514	135 
2515	38 
2516	101 
2517	133 
2518	103 
2519	25 
2520	116 
2521	61 
2522	16 
2523	119 
2524	15 
2525	48 
2526	43 
2527	20 
2528	9 
2529	109 
2530	74 
2531	65 
2532	11 
2533	59 
2534	102 
2535	35 
2536	5 
2537	71 
2538	21 
2539	45 
2540	25 
2541	40 
2542	102 
2543	5 
2544	65 
2545	92 
2546	1 
2547	45 
2548	61 
2549	27 
2550	44 
2551	88 
2552	95 
2553	70 
2554	45 
2555	46 
2556	25 
2557	88 
2558	60 
2559	16 
2560	103 
2561	6 
2562	46 
2563	107 
2564	92 
2565	35 
2566	100 
2567	3 
2568	20 
2569	77 
2570	52 
2571	110 
2572	69 
2573	66 
2574	93 
2575	119 
2576	109 
2577	92 
2578	2 
2579	22 
2580	123 
2581	46 
2582	69 
2583	20 
2584	50 
2585	50 
2586	3 
2587	71 
2588	116 
2589	1 
2590	120 
2591	3 
2592	122 
2593	120 
2594	65 
2595	100 
2596	1 
2597	63 
2598	69 
2599	100 
2600	111 
2601	115 
2602	74 
2603	107 
2604	120 
2605	92 
2606	71 
2607	119 
2608	66 
2609	15 
2610	37 
2611	74 
2612	43 
2613	110 
2614	127 
2615	116 
2616	18 
2617	98 
2618	86 
2619	101 
2620	20 
2621	71 
2622	71 
2623	67 
2624	71 
2625	3 
2626	65 
2627	101 
2628	98 
2629	48 
2630	92 
2631	3 
2632	133 
2633	69 
2634	15 
2635	113 
2636	65 
2637	74 
2638	119 
2639	5 
2640	22 
2641	74 
2642	90 
2643	36 
2644	61 
2645	127 
2646	127 
2647	101 
2648	113 
2649	35 
2650	63 
2651	38 
2652	16 
2653	103 
2654	135 
2655	50 
2656	46 
2657	34 
2658	3 
2659	81 
2660	22 
2661	51 
2662	104 
2663	90 
2664	60 
2665	65 
2666	71 
2667	123 
2668	90 
2669	36 
2670	16 
2671	46 
2672	115 
2673	100 
2674	92 
2675	87 
2676	86 
2677	116 
2678	92 
2679	3 
2680	61 
2681	33 
2682	22 
2683	135 
2684	38 
2685	5 
2686	46 
2687	50 
2688	129 
2689	102 
2690	32 
2691	60 
2692	21 
2693	74 
2694	50 
2695	63 
2696	6 
2697	129 
2698	50 
2699	74 
2700	102 
2701	80 
2702	86 
2703	120 
2704	60 
2705	80 
2706	32 
2707	65 
2708	127 
2709	3 
2710	5 
2711	119 
2712	48 
2713	2 
2714	135 
2715	71 
2716	90 
2717	115 
2718	6 
2719	111 
2720	46 
2721	52 
2722	45 
2723	3 
2724	85 
2725	15 
2726	83 
2727	51 
2728	52 
2729	51 
2730	109 
2731	109 
2732	111 
2733	14 
2734	103 
2735	49 
2736	50 
2737	102 
2738	104 
2739	59 
2740	102 
2741	45 
2742	129 
2743	102 
2744	120 
2745	14 
2746	59 
2747	63 
2748	67 
2749	6 
2750	90 
2751	92 
2752	40 
2753	67 
2754	71 
2755	44 
2756	109 
2757	3 
2758	21 
2759	20 
2760	3 
2761	34 
2762	103 
2763	44 
2764	25 
2765	6 
2766	18 
2767	59 
2768	102 
2769	60 
2770	6 
2771	63 
2772	21 
2773	101 
2774	18 
2775	60 
2776	21 
2777	25 
2778	103 
2779	131 
2780	65 
2781	60 
2782	38 
2783	113 
2784	92 
2785	35 
2786	16 
2787	119 
2788	69 
2789	127 
2790	111 
2791	40 
2792	103 
2793	110 
2794	52 
2795	5 
2796	63 
2797	2 
2798	113 
2799	63 
2800	11 
2801	59 
2802	14 
2803	63 
2804	61 
2805	120 
2806	80 
2807	51 
2808	16 
2809	107 
2810	88 
2811	85 
2812	25 
2813	32 
2814	122 
2815	87 
2816	83 
2817	88 
2818	60 
2819	33 
2820	69 
2821	33 
2822	35 
2823	3 
2824	131 
2825	63 
2826	92 
2827	119 
2828	90 
2829	32 
2830	85 
2831	34 
2832	35 
2833	50 
2834	1 
2835	19 
2836	38 
2837	103 
2838	83 
2839	22 
2840	44 
2841	32 
2842	122 
2843	51 
2844	102 
2845	103 
2846	119 
2847	20 
2848	59 
2849	88 
2850	69 
2851	16 
2852	86 
2853	69 
2854	60 
2855	1 
2856	5 
2857	34 
2858	83 
2859	20 
2860	46 
2861	107 
2862	43 
2863	25 
2864	113 
2865	107 
2866	61 
2867	81 
2868	18 
2869	81 
2870	61 
2871	3 
2872	14 
2873	51 
2874	74 
2875	25 
2876	20 
2877	61 
2878	52 
2879	32 
2880	34 
2881	129 
2882	43 
2883	101 
2884	127 
2885	16 
2886	52 
2887	122 
2888	33 
2889	85 
2890	109 
2891	34 
2892	32 
2893	3 
2894	45 
2895	116 
2896	88 
2897	34 
2898	51 
2899	6 
2900	6 
2901	113 
2902	34 
2903	22 
2904	90 
2905	20 
2906	103 
2907	34 
2908	107 
2909	113 
2910	63 
2911	131 
2912	21 
2913	133 
2914	71 
2915	131 
2916	120 
2917	3 
2918	65 
2919	44 
2920	46 
2921	32 
2922	22 
2923	113 
2924	71 
2925	21 
2926	133 
2927	1 
2928	59 
2929	35 
2930	22 
2931	21 
2932	32 
2933	3 
2934	16 
2935	102 
2936	71 
2937	3 
2938	61 
2939	127 
2940	43 
2941	67 
2942	122 
2943	80 
2944	88 
2945	35 
2946	102 
2947	90 
2948	74 
2949	120 
2950	131 
2951	25 
2952	71 
2953	60 
2954	25 
2955	20 
2956	32 
2957	88 
2958	69 
2959	88 
2960	69 
2961	101 
2962	113 
2963	44 
2964	33 
2965	101 
2966	45 
2967	25 
2968	133 
2969	61 
2970	63 
2971	69 
2972	5 
2973	35 
2974	35 
2975	16 
2976	43 
2977	52 
2978	3 
2979	46 
2980	101 
2981	3 
2982	113 
2983	3 
2984	113 
2985	18 
2986	44 
2987	90 
2988	129 
2989	60 
2990	25 
2991	69 
2992	88 
2993	25 
2994	21 
2995	119 
2996	45 
2997	45 
2998	5 
2999	5 
3000	90 
