1	220 
2	434 
3	63 
4	426 
5	441 
6	334 
7	426 
8	385 
9	368 
10	340 
11	23 
12	109 
13	134 
14	356 
15	221 
16	445 
17	374 
18	113 
19	272 
20	315 
21	37 
22	406 
23	347 
24	416 
25	413 
26	347 
27	88 
28	385 
29	433 
30	367 
31	443 
32	428 
33	191 
34	114 
35	116 
36	128 
37	113 
38	167 
39	294 
40	293 
41	350 
42	322 
43	196 
44	271 
45	415 
46	69 
47	378 
48	430 
49	433 
50	358 
51	404 
52	222 
53	101 
54	275 
55	410 
56	42 
57	406 
58	92 
59	90 
60	27 
61	61 
62	25 
63	184 
64	150 
65	232 
66	262 
67	236 
68	411 
69	433 
70	346 
71	225 
72	14 
73	136 
74	297 
75	177 
76	274 
77	38 
78	140 
79	64 
80	42 
81	357 
82	354 
83	200 
84	185 
85	385 
86	422 
87	265 
88	280 
89	335 
90	429 
91	97 
92	388 
93	266 
94	363 
95	366 
96	340 
97	3 
98	97 
99	320 
100	289 
101	360 
102	276 
103	386 
104	337 
105	98 
106	95 
107	12 
108	218 
109	356 
110	395 
111	192 
112	10 
113	423 
114	271 
115	440 
116	355 
117	153 
118	290 
119	42 
120	445 
121	127 
122	212 
123	200 
124	354 
125	184 
126	121 
127	235 
128	135 
129	351 
130	349 
131	128 
132	207 
133	244 
134	73 
135	272 
136	193 
137	290 
138	87 
139	332 
140	201 
141	442 
142	400 
143	145 
144	326 
145	401 
146	382 
147	226 
148	20 
149	206 
150	15 
151	403 
152	162 
153	368 
154	63 
155	322 
156	68 
157	407 
158	110 
159	379 
160	269 
161	430 
162	159 
163	337 
164	5 
165	16 
166	390 
167	275 
168	317 
169	65 
170	248 
171	396 
172	292 
173	437 
174	190 
175	216 
176	430 
177	27 
178	155 
179	67 
180	403 
181	340 
182	335 
183	410 
184	426 
185	423 
186	200 
187	84 
188	326 
189	169 
190	46 
191	252 
192	330 
193	233 
194	253 
195	143 
196	403 
197	80 
198	82 
199	60 
200	176 
201	377 
202	153 
203	182 
204	84 
205	73 
206	162 
207	1 
208	117 
209	128 
210	336 
211	396 
212	221 
213	191 
214	11 
215	226 
216	264 
217	60 
218	13 
219	411 
220	157 
221	297 
222	284 
223	433 
224	334 
225	426 
226	95 
227	405 
228	213 
229	179 
230	406 
231	158 
232	277 
233	186 
234	374 
235	369 
236	362 
237	237 
238	131 
239	174 
240	214 
241	246 
242	96 
243	17 
244	234 
245	307 
246	419 
247	390 
248	358 
249	171 
250	130 
251	238 
252	263 
253	189 
254	184 
255	352 
256	334 
257	25 
258	368 
259	362 
260	38 
261	364 
262	15 
263	56 
264	14 
265	229 
266	429 
267	446 
268	175 
269	30 
270	40 
271	424 
272	359 
273	299 
274	426 
275	393 
276	306 
277	79 
278	376 
279	120 
280	376 
281	138 
282	339 
283	427 
284	421 
285	381 
286	224 
287	153 
288	171 
289	142 
290	55 
291	99 
292	302 
293	69 
294	239 
295	373 
296	167 
297	155 
298	216 
299	231 
300	281 
301	45 
302	386 
303	222 
304	154 
305	248 
306	343 
307	17 
308	374 
309	126 
310	174 
311	359 
312	3 
313	364 
314	104 
315	121 
316	147 
317	50 
318	5 
319	351 
320	383 
321	229 
322	212 
323	263 
324	31 
325	123 
326	122 
327	355 
328	250 
329	440 
330	278 
331	13 
332	233 
333	320 
334	428 
335	331 
336	323 
337	257 
338	316 
339	232 
340	168 
341	299 
342	279 
343	419 
344	193 
345	354 
346	441 
347	133 
348	160 
349	271 
350	54 
351	260 
352	177 
353	352 
354	333 
355	79 
356	307 
357	199 
358	201 
359	25 
360	391 
361	274 
362	431 
363	165 
364	52 
365	303 
366	280 
367	343 
368	372 
369	213 
370	99 
371	6 
372	358 
373	125 
374	185 
375	75 
376	59 
377	78 
378	409 
379	298 
380	280 
381	97 
382	192 
383	85 
384	339 
385	245 
386	389 
387	313 
388	343 
389	286 
390	376 
391	396 
392	319 
393	87 
394	395 
395	313 
396	218 
397	411 
398	229 
399	344 
400	114 
401	347 
402	213 
403	327 
404	408 
405	326 
406	127 
407	226 
408	93 
409	335 
410	12 
411	24 
412	101 
413	181 
414	82 
415	361 
416	271 
417	159 
418	371 
419	396 
420	429 
421	3 
422	283 
423	52 
424	93 
425	313 
426	400 
427	325 
428	83 
429	412 
430	33 
431	78 
432	75 
433	165 
434	19 
435	29 
436	236 
437	238 
438	274 
439	392 
440	323 
441	169 
442	324 
443	261 
444	379 
445	48 
446	243 
447	180 
448	337 
449	320 
450	419 
451	193 
452	48 
453	202 
454	118 
455	388 
456	448 
457	131 
458	176 
459	15 
460	409 
461	131 
462	335 
463	69 
464	338 
465	98 
466	81 
467	44 
468	180 
469	334 
470	214 
471	69 
472	275 
473	234 
474	275 
475	127 
476	325 
477	110 
478	55 
479	48 
480	44 
481	186 
482	128 
483	348 
484	22 
485	424 
486	299 
487	156 
488	142 
489	333 
490	211 
491	274 
492	11 
493	419 
494	266 
495	387 
496	121 
497	105 
498	13 
499	57 
500	310 
501	424 
502	341 
503	364 
504	58 
505	83 
506	278 
507	342 
508	352 
509	116 
510	11 
511	197 
512	276 
513	62 
514	272 
515	216 
516	205 
517	364 
518	127 
519	265 
520	348 
521	176 
522	279 
523	114 
524	141 
525	447 
526	411 
527	35 
528	213 
529	328 
530	119 
531	199 
532	322 
533	254 
534	302 
535	158 
536	365 
537	79 
538	435 
539	173 
540	124 
541	407 
542	101 
543	62 
544	176 
545	139 
546	76 
547	311 
548	262 
549	169 
550	126 
551	270 
552	252 
553	1 
554	181 
555	37 
556	410 
557	350 
558	392 
559	6 
560	405 
561	187 
562	213 
563	449 
564	186 
565	38 
566	281 
567	75 
568	207 
569	300 
570	159 
571	137 
572	163 
573	29 
574	303 
575	221 
576	357 
577	288 
578	55 
579	354 
580	133 
581	260 
582	204 
583	426 
584	188 
585	287 
586	429 
587	344 
588	39 
589	425 
590	404 
591	186 
592	258 
593	275 
594	248 
595	87 
596	139 
597	347 
598	98 
599	56 
600	50 
601	139 
602	115 
603	432 
604	194 
605	292 
606	79 
607	235 
608	406 
609	387 
610	169 
611	260 
612	376 
613	292 
614	295 
615	13 
616	295 
617	92 
618	140 
619	213 
620	243 
621	449 
622	90 
623	305 
624	198 
625	322 
626	147 
627	70 
628	437 
629	34 
630	320 
631	336 
632	118 
633	234 
634	228 
635	356 
636	125 
637	22 
638	62 
639	238 
640	315 
641	99 
642	371 
643	391 
644	442 
645	44 
646	73 
647	23 
648	392 
649	12 
650	1 
651	173 
652	213 
653	21 
654	127 
655	371 
656	374 
657	406 
658	170 
659	256 
660	144 
661	422 
662	113 
663	136 
664	314 
665	352 
666	40 
667	300 
668	376 
669	222 
670	5 
671	382 
672	304 
673	90 
674	254 
675	67 
676	80 
677	9 
678	341 
679	419 
680	121 
681	145 
682	440 
683	314 
684	257 
685	381 
686	429 
687	42 
688	387 
689	33 
690	192 
691	303 
692	120 
693	100 
694	278 
695	212 
696	265 
697	33 
698	416 
699	205 
700	189 
701	81 
702	397 
703	169 
704	315 
705	218 
706	298 
707	240 
708	420 
709	7 
710	8 
711	300 
712	271 
713	90 
714	417 
715	364 
716	109 
717	3 
718	397 
719	391 
720	422 
721	400 
722	375 
723	435 
724	213 
725	448 
726	65 
727	217 
728	309 
729	339 
730	429 
731	407 
732	306 
733	250 
734	345 
735	84 
736	424 
737	226 
738	136 
739	116 
740	329 
741	152 
742	93 
743	433 
744	130 
745	348 
746	249 
747	270 
748	196 
749	381 
750	347 
751	127 
752	168 
753	239 
754	239 
755	83 
756	325 
757	272 
758	431 
759	218 
760	443 
761	69 
762	152 
763	217 
764	258 
765	90 
766	426 
767	352 
768	385 
769	346 
770	76 
771	360 
772	162 
773	208 
774	69 
775	371 
776	134 
777	330 
778	139 
779	428 
780	136 
781	114 
782	315 
783	419 
784	387 
785	304 
786	352 
787	155 
788	193 
789	116 
790	366 
791	203 
792	415 
793	22 
794	292 
795	242 
796	337 
797	71 
798	374 
799	134 
800	88 
801	101 
802	336 
803	258 
804	137 
805	296 
806	210 
807	322 
808	443 
809	449 
810	381 
811	211 
812	323 
813	258 
814	429 
815	36 
816	46 
817	287 
818	358 
819	405 
820	328 
821	347 
822	411 
823	314 
824	196 
825	252 
826	261 
827	275 
828	70 
829	328 
830	281 
831	178 
832	184 
833	299 
834	37 
835	38 
836	237 
837	419 
838	442 
839	91 
840	387 
841	301 
842	250 
843	62 
844	254 
845	351 
846	13 
847	17 
848	389 
849	391 
850	334 
851	232 
852	406 
853	180 
854	294 
855	118 
856	82 
857	400 
858	82 
859	305 
860	226 
861	207 
862	189 
863	365 
864	317 
865	2 
866	275 
867	303 
868	444 
869	55 
870	206 
871	85 
872	306 
873	417 
874	138 
875	100 
876	19 
877	446 
878	220 
879	127 
880	429 
881	294 
882	236 
883	274 
884	245 
885	19 
886	411 
887	441 
888	24 
889	64 
890	444 
891	251 
892	259 
893	85 
894	385 
895	213 
896	94 
897	26 
898	161 
899	182 
900	273 
901	340 
902	349 
903	332 
904	56 
905	291 
906	256 
907	66 
908	140 
909	216 
910	332 
911	12 
912	70 
913	319 
914	202 
915	165 
916	385 
917	363 
918	376 
919	442 
920	103 
921	21 
922	65 
923	379 
924	81 
925	427 
926	360 
927	339 
928	337 
929	300 
930	403 
931	294 
932	339 
933	16 
934	383 
935	351 
936	172 
937	436 
938	165 
939	172 
940	171 
941	65 
942	195 
943	49 
944	274 
945	292 
946	204 
947	108 
948	360 
949	425 
950	203 
951	411 
952	97 
953	162 
954	363 
955	183 
956	341 
957	294 
958	385 
959	112 
960	399 
961	233 
962	159 
963	231 
964	345 
965	172 
966	349 
967	394 
968	108 
969	295 
970	34 
971	417 
972	43 
973	408 
974	132 
975	210 
976	379 
977	271 
978	205 
979	316 
980	254 
981	103 
982	328 
983	99 
984	14 
985	203 
986	109 
987	320 
988	175 
989	282 
990	356 
991	352 
992	217 
993	256 
994	272 
995	263 
996	275 
997	62 
998	220 
999	377 
1000	45 
1001	9 
1002	130 
1003	364 
1004	350 
1005	293 
1006	262 
1007	337 
1008	212 
1009	78 
1010	336 
1011	322 
1012	5 
1013	199 
1014	323 
1015	48 
1016	187 
1017	435 
1018	229 
1019	3 
1020	74 
1021	443 
1022	439 
1023	68 
1024	266 
1025	169 
1026	83 
1027	12 
1028	381 
1029	275 
1030	159 
1031	146 
1032	376 
1033	215 
1034	428 
1035	293 
1036	245 
1037	227 
1038	200 
1039	227 
1040	5 
1041	240 
1042	259 
1043	155 
1044	304 
1045	419 
1046	414 
1047	212 
1048	276 
1049	445 
1050	396 
1051	233 
1052	48 
1053	1 
1054	175 
1055	215 
1056	231 
1057	304 
1058	250 
1059	129 
1060	124 
1061	276 
1062	312 
1063	241 
1064	325 
1065	270 
1066	159 
1067	371 
1068	362 
1069	20 
1070	424 
1071	233 
1072	95 
1073	415 
1074	448 
1075	142 
1076	203 
1077	435 
1078	130 
1079	444 
1080	152 
1081	53 
1082	285 
1083	30 
1084	368 
1085	63 
1086	265 
1087	386 
1088	145 
1089	390 
1090	9 
1091	42 
1092	159 
1093	186 
1094	180 
1095	226 
1096	62 
1097	127 
1098	181 
1099	152 
1100	382 
1101	440 
1102	148 
1103	293 
1104	403 
1105	395 
1106	3 
1107	40 
1108	196 
1109	259 
1110	106 
1111	375 
1112	361 
1113	407 
1114	4 
1115	170 
1116	313 
1117	115 
1118	281 
1119	349 
1120	427 
1121	434 
1122	345 
1123	233 
1124	335 
1125	389 
1126	12 
1127	326 
1128	273 
1129	298 
1130	41 
1131	47 
1132	10 
1133	37 
1134	356 
1135	111 
1136	140 
1137	299 
1138	77 
1139	53 
1140	120 
1141	288 
1142	5 
1143	213 
1144	252 
1145	339 
1146	339 
1147	137 
1148	133 
1149	342 
1150	427 
1151	38 
1152	48 
1153	425 
1154	195 
1155	349 
1156	15 
1157	352 
1158	84 
1159	223 
1160	379 
1161	212 
1162	20 
1163	119 
1164	160 
1165	277 
1166	283 
1167	181 
1168	183 
1169	60 
1170	254 
1171	176 
1172	436 
1173	196 
1174	26 
1175	412 
1176	293 
1177	368 
1178	258 
1179	109 
1180	340 
1181	120 
1182	381 
1183	151 
1184	190 
1185	379 
1186	7 
1187	106 
1188	48 
1189	144 
1190	176 
1191	171 
1192	18 
1193	176 
1194	60 
1195	327 
1196	422 
1197	44 
1198	9 
1199	13 
1200	70 
1201	331 
1202	332 
1203	338 
1204	143 
1205	42 
1206	271 
1207	429 
1208	162 
1209	96 
1210	267 
1211	422 
1212	296 
1213	318 
1214	201 
1215	86 
1216	428 
1217	388 
1218	65 
1219	323 
1220	294 
1221	427 
1222	264 
1223	85 
1224	248 
1225	160 
1226	3 
1227	194 
1228	75 
1229	445 
1230	85 
1231	439 
1232	422 
1233	76 
1234	169 
1235	391 
1236	186 
1237	148 
1238	364 
1239	287 
1240	138 
1241	84 
1242	449 
1243	294 
1244	421 
1245	18 
1246	89 
1247	385 
1248	416 
1249	387 
1250	93 
1251	73 
1252	138 
1253	78 
1254	292 
1255	156 
1256	179 
1257	252 
1258	225 
1259	293 
1260	193 
1261	151 
1262	275 
1263	428 
1264	330 
1265	93 
1266	356 
1267	332 
1268	339 
1269	299 
1270	181 
1271	42 
1272	382 
1273	378 
1274	63 
1275	147 
1276	169 
1277	202 
1278	268 
1279	403 
1280	176 
1281	395 
1282	71 
1283	95 
1284	331 
1285	307 
1286	88 
1287	188 
1288	76 
1289	381 
1290	84 
1291	67 
1292	348 
1293	104 
1294	361 
1295	281 
1296	274 
1297	398 
1298	149 
1299	406 
1300	113 
1301	387 
1302	16 
1303	361 
1304	366 
1305	379 
1306	294 
1307	120 
1308	305 
1309	440 
1310	68 
1311	137 
1312	448 
1313	224 
1314	329 
1315	140 
1316	167 
1317	185 
1318	74 
1319	238 
1320	238 
1321	104 
1322	359 
1323	293 
1324	328 
1325	421 
1326	143 
1327	94 
1328	212 
1329	113 
1330	38 
1331	1 
1332	227 
1333	19 
1334	82 
1335	433 
1336	367 
1337	59 
1338	1 
1339	215 
1340	87 
1341	295 
1342	25 
1343	282 
1344	279 
1345	20 
1346	402 
1347	336 
1348	142 
1349	381 
1350	265 
1351	7 
1352	9 
1353	77 
1354	389 
1355	438 
1356	90 
1357	19 
1358	310 
1359	435 
1360	250 
1361	135 
1362	188 
1363	416 
1364	311 
1365	9 
1366	79 
1367	66 
1368	30 
1369	60 
1370	57 
1371	39 
1372	1 
1373	376 
1374	396 
1375	77 
1376	131 
1377	10 
1378	64 
1379	200 
1380	286 
1381	449 
1382	170 
1383	5 
1384	312 
1385	318 
1386	353 
1387	7 
1388	388 
1389	418 
1390	338 
1391	230 
1392	219 
1393	226 
1394	226 
1395	175 
1396	340 
1397	144 
1398	299 
1399	96 
1400	266 
1401	18 
1402	350 
1403	218 
1404	282 
1405	377 
1406	289 
1407	370 
1408	239 
1409	294 
1410	5 
1411	97 
1412	211 
1413	71 
1414	144 
1415	115 
1416	417 
1417	191 
1418	446 
1419	334 
1420	296 
1421	340 
1422	328 
1423	195 
1424	270 
1425	184 
1426	262 
1427	111 
1428	296 
1429	138 
1430	411 
1431	379 
1432	320 
1433	268 
1434	322 
1435	266 
1436	293 
1437	17 
1438	48 
1439	435 
1440	422 
1441	21 
1442	221 
1443	206 
1444	164 
1445	6 
1446	319 
1447	305 
1448	16 
1449	352 
1450	101 
1451	192 
1452	83 
1453	397 
1454	240 
1455	148 
1456	149 
1457	384 
1458	216 
1459	301 
1460	156 
1461	442 
1462	52 
1463	58 
1464	59 
1465	387 
1466	247 
1467	403 
1468	344 
1469	184 
1470	281 
1471	314 
1472	168 
1473	195 
1474	41 
1475	436 
1476	19 
1477	139 
1478	161 
1479	233 
1480	32 
1481	303 
1482	12 
1483	343 
1484	64 
1485	353 
1486	63 
1487	328 
1488	197 
1489	154 
1490	222 
1491	102 
1492	101 
1493	284 
1494	403 
1495	49 
1496	331 
1497	390 
1498	152 
1499	178 
1500	292 
1501	239 
1502	295 
1503	437 
1504	23 
1505	357 
1506	127 
1507	147 
1508	325 
1509	266 
1510	366 
1511	36 
1512	87 
1513	410 
1514	240 
1515	280 
1516	26 
1517	221 
1518	285 
1519	399 
1520	334 
1521	257 
1522	157 
1523	79 
1524	438 
1525	270 
1526	188 
1527	16 
1528	320 
1529	297 
1530	386 
1531	217 
1532	358 
1533	418 
1534	192 
1535	31 
1536	225 
1537	50 
1538	42 
1539	246 
1540	62 
1541	48 
1542	407 
1543	207 
1544	375 
1545	246 
1546	394 
1547	172 
1548	382 
1549	205 
1550	61 
1551	322 
1552	227 
1553	341 
1554	369 
1555	214 
1556	325 
1557	293 
1558	56 
1559	10 
1560	259 
1561	365 
1562	140 
1563	174 
1564	225 
1565	59 
1566	385 
1567	300 
1568	112 
1569	34 
1570	240 
1571	255 
1572	361 
1573	249 
1574	426 
1575	341 
1576	153 
1577	268 
1578	113 
1579	290 
1580	420 
1581	200 
1582	313 
1583	218 
1584	144 
1585	183 
1586	13 
1587	32 
1588	184 
1589	150 
1590	324 
1591	125 
1592	38 
1593	345 
1594	376 
1595	60 
1596	381 
1597	320 
1598	305 
1599	301 
1600	138 
1601	243 
1602	151 
1603	236 
1604	77 
1605	73 
1606	289 
1607	59 
1608	32 
1609	265 
1610	136 
1611	394 
1612	274 
1613	134 
1614	32 
1615	80 
1616	321 
1617	410 
1618	399 
1619	373 
1620	410 
1621	209 
1622	440 
1623	79 
1624	425 
1625	128 
1626	40 
1627	34 
1628	232 
1629	418 
1630	311 
1631	344 
1632	427 
1633	146 
1634	1 
1635	311 
1636	89 
1637	421 
1638	15 
1639	7 
1640	265 
1641	2 
1642	363 
1643	135 
1644	388 
1645	227 
1646	419 
1647	274 
1648	358 
1649	343 
1650	63 
1651	25 
1652	81 
1653	65 
1654	84 
1655	406 
1656	274 
1657	449 
1658	312 
1659	42 
1660	55 
1661	3 
1662	271 
1663	379 
1664	74 
1665	445 
1666	138 
1667	89 
1668	183 
1669	416 
1670	438 
1671	264 
1672	253 
1673	369 
1674	412 
1675	378 
1676	357 
1677	175 
1678	355 
1679	33 
1680	229 
1681	40 
1682	110 
1683	239 
1684	120 
1685	315 
1686	97 
1687	274 
1688	290 
1689	300 
1690	373 
1691	391 
1692	417 
1693	245 
1694	433 
1695	408 
1696	365 
1697	101 
1698	428 
1699	351 
1700	182 
1701	86 
1702	53 
1703	411 
1704	128 
1705	296 
1706	138 
1707	236 
1708	384 
1709	318 
1710	111 
1711	329 
1712	277 
1713	82 
1714	207 
1715	361 
1716	31 
1717	71 
1718	176 
1719	383 
1720	385 
1721	56 
1722	252 
1723	344 
1724	16 
1725	48 
1726	181 
1727	346 
1728	300 
1729	197 
1730	60 
1731	352 
1732	30 
1733	433 
1734	222 
1735	349 
1736	385 
1737	186 
1738	163 
1739	20 
1740	432 
1741	265 
1742	187 
1743	338 
1744	195 
1745	326 
1746	424 
1747	299 
1748	65 
1749	24 
1750	163 
1751	250 
1752	101 
1753	415 
1754	287 
1755	228 
1756	257 
1757	116 
1758	73 
1759	219 
1760	369 
1761	150 
1762	127 
1763	403 
1764	430 
1765	327 
1766	101 
1767	5 
1768	448 
1769	142 
1770	247 
1771	40 
1772	55 
1773	37 
1774	234 
1775	426 
1776	317 
1777	443 
1778	305 
1779	205 
1780	392 
1781	393 
1782	285 
1783	380 
1784	203 
1785	321 
1786	122 
1787	217 
1788	324 
1789	199 
1790	220 
1791	413 
1792	183 
1793	371 
1794	139 
1795	424 
1796	195 
1797	266 
1798	10 
1799	390 
1800	212 
1801	198 
1802	71 
1803	281 
1804	366 
1805	367 
1806	160 
1807	248 
1808	252 
1809	22 
1810	159 
1811	396 
1812	288 
1813	265 
1814	55 
1815	317 
1816	204 
1817	190 
1818	383 
1819	4 
1820	334 
1821	322 
1822	389 
1823	82 
1824	100 
1825	355 
1826	306 
1827	119 
1828	314 
1829	241 
1830	449 
1831	131 
1832	141 
1833	352 
1834	37 
1835	352 
1836	241 
1837	49 
1838	412 
1839	372 
1840	319 
1841	414 
1842	88 
1843	356 
1844	424 
1845	337 
1846	60 
1847	362 
1848	247 
1849	449 
1850	249 
1851	58 
1852	125 
1853	296 
1854	222 
1855	66 
1856	218 
1857	50 
1858	107 
1859	328 
1860	270 
1861	84 
1862	318 
1863	101 
1864	125 
1865	354 
1866	89 
1867	143 
1868	94 
1869	299 
1870	352 
1871	433 
1872	135 
1873	424 
1874	442 
1875	277 
1876	94 
1877	276 
1878	116 
1879	296 
1880	429 
1881	264 
1882	69 
1883	137 
1884	399 
1885	134 
1886	98 
1887	140 
1888	355 
1889	254 
1890	148 
1891	116 
1892	228 
1893	33 
1894	381 
1895	274 
1896	90 
1897	295 
1898	101 
1899	275 
1900	351 
1901	209 
1902	270 
1903	306 
1904	255 
1905	50 
1906	398 
1907	1 
1908	337 
1909	313 
1910	184 
1911	325 
1912	426 
1913	101 
1914	344 
1915	1 
1916	338 
1917	67 
1918	195 
1919	443 
1920	214 
1921	410 
1922	216 
1923	397 
1924	361 
1925	34 
1926	434 
1927	44 
1928	330 
1929	193 
1930	326 
1931	22 
1932	211 
1933	379 
1934	433 
1935	282 
1936	402 
1937	405 
1938	71 
1939	412 
1940	107 
1941	90 
1942	313 
1943	146 
1944	364 
1945	100 
1946	449 
1947	333 
1948	423 
1949	282 
1950	202 
1951	360 
1952	411 
1953	301 
1954	174 
1955	44 
1956	163 
1957	348 
1958	365 
1959	197 
1960	390 
1961	341 
1962	319 
1963	225 
1964	375 
1965	326 
1966	128 
1967	179 
1968	118 
1969	65 
1970	445 
1971	185 
1972	202 
1973	112 
1974	202 
1975	440 
1976	317 
1977	124 
1978	9 
1979	116 
1980	264 
1981	251 
1982	231 
1983	124 
1984	98 
1985	327 
1986	78 
1987	398 
1988	253 
1989	116 
1990	244 
1991	198 
1992	1 
1993	203 
1994	249 
1995	210 
1996	42 
1997	240 
1998	355 
1999	227 
2000	84 
2001	347 
2002	252 
2003	217 
2004	358 
2005	398 
2006	141 
2007	446 
2008	34 
2009	63 
2010	34 
2011	27 
2012	36 
2013	38 
2014	425 
2015	45 
2016	436 
2017	310 
2018	186 
2019	50 
2020	286 
2021	29 
2022	336 
2023	228 
2024	321 
2025	197 
2026	417 
2027	49 
2028	130 
2029	444 
2030	15 
2031	42 
2032	295 
2033	151 
2034	169 
2035	247 
2036	294 
2037	389 
2038	449 
2039	62 
2040	353 
2041	150 
2042	423 
2043	276 
2044	245 
2045	71 
2046	354 
2047	89 
2048	201 
2049	179 
2050	301 
2051	226 
2052	363 
2053	81 
2054	232 
2055	437 
2056	106 
2057	347 
2058	339 
2059	217 
2060	98 
2061	19 
2062	122 
2063	399 
2064	94 
2065	46 
2066	435 
2067	423 
2068	363 
2069	130 
2070	87 
2071	285 
2072	124 
2073	361 
2074	396 
2075	286 
2076	395 
2077	426 
2078	193 
2079	264 
2080	230 
2081	35 
2082	445 
2083	303 
2084	358 
2085	263 
2086	324 
2087	13 
2088	344 
2089	439 
2090	59 
2091	72 
2092	443 
2093	444 
2094	186 
2095	90 
2096	36 
2097	164 
2098	130 
2099	151 
2100	165 
2101	319 
2102	32 
2103	185 
2104	226 
2105	285 
2106	369 
2107	89 
2108	366 
2109	166 
2110	282 
2111	14 
2112	293 
2113	151 
2114	345 
2115	44 
2116	54 
2117	65 
2118	289 
2119	336 
2120	232 
2121	42 
2122	118 
2123	390 
2124	109 
2125	220 
2126	153 
2127	212 
2128	354 
2129	132 
2130	194 
2131	266 
2132	5 
2133	129 
2134	186 
2135	226 
2136	380 
2137	233 
2138	337 
2139	15 
2140	284 
2141	380 
2142	157 
2143	267 
2144	205 
2145	441 
2146	36 
2147	249 
2148	280 
2149	136 
2150	162 
2151	119 
2152	215 
2153	361 
2154	56 
2155	229 
2156	245 
2157	340 
2158	302 
2159	39 
2160	183 
2161	353 
2162	138 
2163	149 
2164	18 
2165	442 
2166	136 
2167	44 
2168	376 
2169	172 
2170	76 
2171	50 
2172	318 
2173	77 
2174	71 
2175	220 
2176	184 
2177	50 
2178	260 
2179	168 
2180	88 
2181	293 
2182	144 
2183	130 
2184	209 
2185	89 
2186	56 
2187	230 
2188	73 
2189	232 
2190	282 
2191	313 
2192	48 
2193	266 
2194	423 
2195	372 
2196	39 
2197	188 
2198	361 
2199	342 
2200	337 
2201	49 
2202	71 
2203	88 
2204	219 
2205	391 
2206	21 
2207	154 
2208	392 
2209	245 
2210	230 
2211	414 
2212	320 
2213	132 
2214	292 
2215	274 
2216	121 
2217	158 
2218	350 
2219	223 
2220	212 
2221	249 
2222	287 
2223	224 
2224	377 
2225	44 
2226	204 
2227	48 
2228	403 
2229	199 
2230	34 
2231	19 
2232	41 
2233	55 
2234	97 
2235	248 
2236	313 
2237	20 
2238	402 
2239	359 
2240	255 
2241	115 
2242	207 
2243	115 
2244	331 
2245	88 
2246	15 
2247	366 
2248	170 
2249	177 
2250	209 
2251	217 
2252	68 
2253	415 
2254	17 
2255	424 
2256	219 
2257	205 
2258	420 
2259	218 
2260	47 
2261	122 
2262	318 
2263	339 
2264	133 
2265	404 
2266	411 
2267	71 
2268	58 
2269	386 
2270	374 
2271	103 
2272	64 
2273	138 
2274	419 
2275	64 
2276	360 
2277	270 
2278	384 
2279	145 
2280	348 
2281	4 
2282	1 
2283	395 
2284	147 
2285	357 
2286	411 
2287	282 
2288	398 
2289	120 
2290	385 
2291	69 
2292	62 
2293	220 
2294	237 
2295	256 
2296	108 
2297	182 
2298	222 
2299	401 
2300	144 
2301	122 
2302	353 
2303	166 
2304	272 
2305	156 
2306	384 
2307	354 
2308	346 
2309	190 
2310	258 
2311	193 
2312	334 
2313	282 
2314	270 
2315	330 
2316	170 
2317	317 
2318	87 
2319	106 
2320	367 
2321	341 
2322	246 
2323	340 
2324	434 
2325	42 
2326	333 
2327	202 
2328	373 
2329	361 
2330	276 
2331	156 
2332	259 
2333	261 
2334	77 
2335	248 
2336	328 
2337	356 
2338	306 
2339	203 
2340	43 
2341	205 
2342	149 
2343	107 
2344	334 
2345	210 
2346	248 
2347	118 
2348	380 
2349	305 
2350	72 
2351	268 
2352	437 
2353	257 
2354	65 
2355	252 
2356	163 
2357	123 
2358	111 
2359	374 
2360	242 
2361	213 
2362	220 
2363	407 
2364	195 
2365	423 
2366	41 
2367	144 
2368	125 
2369	212 
2370	153 
2371	66 
2372	354 
2373	30 
2374	20 
2375	161 
2376	144 
2377	308 
2378	341 
2379	29 
2380	160 
2381	205 
2382	378 
2383	419 
2384	118 
2385	256 
2386	316 
2387	262 
2388	38 
2389	222 
2390	266 
2391	260 
2392	344 
2393	340 
2394	351 
2395	166 
2396	298 
2397	44 
2398	396 
2399	103 
2400	237 
2401	351 
2402	192 
2403	316 
2404	409 
2405	447 
2406	426 
2407	141 
2408	415 
2409	263 
2410	9 
2411	104 
2412	248 
2413	138 
2414	312 
2415	87 
2416	90 
2417	137 
2418	55 
2419	92 
2420	119 
2421	122 
2422	206 
2423	195 
2424	16 
2425	198 
2426	152 
2427	348 
2428	82 
2429	417 
2430	168 
2431	14 
2432	282 
2433	249 
2434	68 
2435	299 
2436	316 
2437	411 
2438	166 
2439	102 
2440	62 
2441	273 
2442	311 
2443	66 
2444	235 
2445	31 
2446	116 
2447	44 
2448	381 
2449	427 
2450	334 
2451	39 
2452	247 
2453	405 
2454	51 
2455	130 
2456	208 
2457	196 
2458	231 
2459	99 
2460	135 
2461	347 
2462	369 
2463	76 
2464	367 
2465	230 
2466	177 
2467	416 
2468	113 
2469	423 
2470	126 
2471	350 
2472	412 
2473	281 
2474	327 
2475	290 
2476	411 
2477	62 
2478	315 
2479	421 
2480	260 
2481	96 
2482	227 
2483	315 
2484	384 
2485	361 
2486	432 
2487	161 
2488	346 
2489	223 
2490	42 
2491	284 
2492	160 
2493	39 
2494	13 
2495	215 
2496	183 
2497	269 
2498	353 
2499	233 
2500	29 
2501	148 
2502	424 
2503	273 
2504	193 
2505	271 
2506	406 
2507	99 
2508	98 
2509	384 
2510	320 
2511	146 
2512	88 
2513	193 
2514	328 
2515	339 
2516	346 
2517	443 
2518	324 
2519	176 
2520	196 
2521	405 
2522	156 
2523	348 
2524	182 
2525	197 
2526	440 
2527	208 
2528	436 
2529	70 
2530	363 
2531	92 
2532	331 
2533	389 
2534	48 
2535	96 
2536	185 
2537	1 
2538	131 
2539	186 
2540	320 
2541	418 
2542	147 
2543	56 
2544	198 
2545	228 
2546	46 
2547	417 
2548	147 
2549	30 
2550	26 
2551	423 
2552	327 
2553	112 
2554	213 
2555	375 
2556	433 
2557	17 
2558	219 
2559	430 
2560	330 
2561	103 
2562	385 
2563	180 
2564	361 
2565	398 
2566	444 
2567	88 
2568	444 
2569	278 
2570	240 
2571	263 
2572	308 
2573	52 
2574	199 
2575	315 
2576	90 
2577	48 
2578	384 
2579	392 
2580	31 
2581	345 
2582	230 
2583	391 
2584	174 
2585	149 
2586	236 
2587	299 
2588	114 
2589	248 
2590	157 
2591	101 
2592	303 
2593	445 
2594	276 
2595	230 
2596	364 
2597	434 
2598	193 
2599	348 
2600	384 
2601	18 
2602	330 
2603	316 
2604	26 
2605	321 
2606	66 
2607	380 
2608	285 
2609	425 
2610	90 
2611	170 
2612	433 
2613	279 
2614	150 
2615	116 
2616	248 
2617	91 
2618	270 
2619	438 
2620	275 
2621	138 
2622	424 
2623	321 
2624	438 
2625	278 
2626	68 
2627	217 
2628	336 
2629	424 
2630	275 
2631	294 
2632	85 
2633	423 
2634	294 
2635	135 
2636	347 
2637	48 
2638	148 
2639	311 
2640	53 
2641	9 
2642	57 
2643	127 
2644	89 
2645	108 
2646	205 
2647	195 
2648	96 
2649	365 
2650	145 
2651	414 
2652	313 
2653	366 
2654	354 
2655	272 
2656	257 
2657	368 
2658	108 
2659	227 
2660	212 
2661	327 
2662	382 
2663	2 
2664	307 
2665	48 
2666	402 
2667	413 
2668	240 
2669	1 
2670	303 
2671	242 
2672	342 
2673	200 
2674	15 
2675	430 
2676	168 
2677	36 
2678	203 
2679	204 
2680	418 
2681	121 
2682	158 
2683	229 
2684	32 
2685	190 
2686	288 
2687	225 
2688	377 
2689	59 
2690	218 
2691	265 
2692	334 
2693	366 
2694	202 
2695	125 
2696	107 
2697	272 
2698	394 
2699	1 
2700	287 
2701	339 
2702	45 
2703	6 
2704	21 
2705	25 
2706	223 
2707	133 
2708	31 
2709	291 
2710	189 
2711	159 
2712	204 
2713	1 
2714	417 
2715	86 
2716	387 
2717	62 
2718	43 
2719	144 
2720	43 
2721	293 
2722	179 
2723	6 
2724	427 
2725	153 
2726	82 
2727	7 
2728	103 
2729	98 
2730	118 
2731	211 
2732	107 
2733	153 
2734	372 
2735	303 
2736	279 
2737	175 
2738	101 
2739	401 
2740	364 
2741	176 
2742	255 
2743	309 
2744	206 
2745	244 
2746	162 
2747	405 
2748	261 
2749	274 
2750	412 
2751	339 
2752	186 
2753	108 
2754	39 
2755	31 
2756	405 
2757	15 
2758	12 
2759	220 
2760	16 
2761	64 
2762	436 
2763	405 
2764	154 
2765	435 
2766	428 
2767	146 
2768	375 
2769	246 
2770	263 
2771	203 
2772	295 
2773	281 
2774	5 
2775	326 
2776	33 
2777	380 
2778	437 
2779	28 
2780	301 
2781	426 
2782	56 
2783	128 
2784	160 
2785	308 
2786	277 
2787	38 
2788	320 
2789	295 
2790	309 
2791	315 
2792	144 
2793	268 
2794	95 
2795	73 
2796	396 
2797	244 
2798	362 
2799	108 
2800	237 
2801	42 
2802	218 
2803	362 
2804	322 
2805	129 
2806	321 
2807	367 
2808	375 
2809	5 
2810	374 
2811	222 
2812	384 
2813	48 
2814	376 
2815	422 
2816	209 
2817	75 
2818	362 
2819	361 
2820	137 
2821	128 
2822	39 
2823	94 
2824	430 
2825	431 
2826	74 
2827	279 
2828	310 
2829	165 
2830	121 
2831	7 
2832	109 
2833	269 
2834	7 
2835	334 
2836	329 
2837	120 
2838	72 
2839	49 
2840	394 
2841	447 
2842	220 
2843	112 
2844	397 
2845	382 
2846	150 
2847	163 
2848	448 
2849	254 
2850	354 
2851	99 
2852	101 
2853	82 
2854	230 
2855	126 
2856	362 
2857	79 
2858	96 
2859	339 
2860	358 
2861	255 
2862	333 
2863	134 
2864	360 
2865	99 
2866	55 
2867	340 
2868	136 
2869	69 
2870	194 
2871	84 
2872	38 
2873	360 
2874	61 
2875	15 
2876	33 
2877	246 
2878	76 
2879	242 
2880	335 
2881	172 
2882	312 
2883	101 
2884	83 
2885	424 
2886	340 
2887	198 
2888	234 
2889	397 
2890	237 
2891	395 
2892	306 
2893	400 
2894	292 
2895	379 
2896	390 
2897	307 
2898	281 
2899	287 
2900	86 
2901	2 
2902	269 
2903	350 
2904	326 
2905	12 
2906	22 
2907	134 
2908	295 
2909	272 
2910	184 
2911	147 
2912	208 
2913	96 
2914	199 
2915	342 
2916	245 
2917	192 
2918	81 
2919	392 
2920	159 
2921	302 
2922	408 
2923	44 
2924	169 
2925	314 
2926	53 
2927	446 
2928	35 
2929	74 
2930	96 
2931	356 
2932	11 
2933	449 
2934	42 
2935	54 
2936	171 
2937	337 
2938	256 
2939	228 
2940	64 
2941	213 
2942	174 
2943	62 
2944	233 
2945	174 
2946	380 
2947	190 
2948	308 
2949	258 
2950	306 
2951	66 
2952	78 
2953	340 
2954	397 
2955	218 
2956	418 
2957	235 
2958	107 
2959	2 
2960	337 
2961	155 
2962	224 
2963	140 
2964	15 
2965	340 
2966	49 
2967	44 
2968	419 
2969	319 
2970	81 
2971	201 
2972	318 
2973	349 
2974	383 
2975	110 
2976	168 
2977	344 
2978	83 
2979	401 
2980	129 
2981	139 
2982	231 
2983	102 
2984	243 
2985	383 
2986	37 
2987	348 
2988	105 
2989	159 
2990	65 
2991	36 
2992	166 
2993	230 
2994	214 
2995	60 
2996	82 
2997	310 
2998	91 
2999	411 
3000	96 
3001	298 
3002	384 
3003	243 
3004	5 
3005	305 
3006	441 
3007	193 
3008	288 
3009	319 
3010	289 
3011	391 
3012	292 
3013	356 
3014	204 
3015	338 
3016	373 
3017	186 
3018	354 
3019	396 
3020	204 
3021	440 
3022	5 
3023	331 
3024	103 
3025	69 
3026	449 
3027	267 
3028	348 
3029	272 
3030	201 
3031	350 
3032	421 
3033	400 
3034	71 
3035	198 
3036	376 
3037	283 
3038	128 
3039	443 
3040	106 
3041	266 
3042	271 
3043	389 
3044	349 
3045	272 
3046	95 
3047	95 
3048	287 
3049	241 
3050	138 
3051	437 
3052	49 
3053	81 
3054	118 
3055	381 
3056	11 
3057	361 
3058	352 
3059	239 
3060	228 
3061	171 
3062	182 
3063	339 
3064	216 
3065	285 
3066	152 
3067	22 
3068	220 
3069	198 
3070	441 
3071	311 
3072	137 
3073	155 
3074	24 
3075	148 
3076	262 
3077	440 
3078	222 
3079	137 
3080	289 
3081	256 
3082	207 
3083	215 
3084	185 
3085	244 
3086	400 
3087	446 
3088	32 
3089	89 
3090	61 
3091	200 
3092	436 
3093	170 
3094	194 
3095	245 
3096	14 
3097	380 
3098	126 
3099	281 
3100	36 
3101	390 
3102	132 
3103	76 
3104	120 
3105	48 
3106	206 
3107	387 
3108	314 
3109	253 
3110	172 
3111	348 
3112	163 
3113	23 
3114	238 
3115	125 
3116	244 
3117	174 
3118	28 
3119	366 
3120	407 
3121	118 
3122	20 
3123	219 
3124	121 
3125	430 
3126	339 
3127	284 
3128	386 
3129	386 
3130	306 
3131	51 
3132	91 
3133	9 
3134	289 
3135	286 
3136	280 
3137	152 
3138	121 
3139	39 
3140	65 
3141	273 
3142	275 
3143	205 
3144	306 
3145	242 
3146	206 
3147	126 
3148	400 
3149	83 
3150	167 
3151	422 
3152	392 
3153	133 
3154	319 
3155	182 
3156	347 
3157	78 
3158	277 
3159	327 
3160	315 
3161	367 
3162	268 
3163	266 
3164	325 
3165	213 
3166	319 
3167	103 
3168	448 
3169	242 
3170	384 
3171	304 
3172	272 
3173	204 
3174	411 
3175	69 
3176	408 
3177	291 
3178	387 
3179	49 
3180	128 
3181	72 
3182	358 
3183	259 
3184	179 
3185	154 
3186	83 
3187	190 
3188	197 
3189	178 
3190	379 
3191	329 
3192	131 
3193	274 
3194	331 
3195	106 
3196	366 
3197	194 
3198	38 
3199	449 
3200	189 
3201	287 
3202	144 
3203	185 
3204	277 
3205	344 
3206	242 
3207	128 
3208	213 
3209	338 
3210	44 
3211	8 
3212	288 
3213	67 
3214	187 
3215	276 
3216	406 
3217	17 
3218	317 
3219	390 
3220	177 
3221	354 
3222	46 
3223	157 
3224	390 
3225	306 
3226	161 
3227	381 
3228	289 
3229	93 
3230	283 
3231	135 
3232	103 
3233	341 
3234	324 
3235	219 
3236	47 
3237	296 
3238	186 
3239	359 
3240	136 
3241	179 
3242	291 
3243	117 
3244	430 
3245	205 
3246	401 
3247	438 
3248	274 
3249	434 
3250	121 
3251	390 
3252	92 
3253	39 
3254	297 
3255	385 
3256	342 
3257	73 
3258	176 
3259	305 
3260	307 
3261	63 
3262	357 
3263	13 
3264	191 
3265	387 
3266	84 
3267	354 
3268	126 
3269	15 
3270	79 
3271	19 
3272	337 
3273	229 
3274	433 
3275	289 
3276	445 
3277	281 
3278	371 
3279	251 
3280	129 
3281	243 
3282	116 
3283	325 
3284	422 
3285	322 
3286	445 
3287	360 
3288	242 
3289	377 
3290	427 
3291	388 
3292	449 
3293	292 
3294	252 
3295	355 
3296	112 
3297	25 
3298	176 
3299	16 
3300	326 
3301	14 
3302	352 
3303	275 
3304	217 
3305	221 
3306	184 
3307	334 
3308	367 
3309	133 
3310	419 
3311	314 
3312	118 
3313	326 
3314	67 
3315	391 
3316	110 
3317	239 
3318	271 
3319	268 
3320	62 
3321	388 
3322	407 
3323	178 
3324	424 
3325	129 
3326	432 
3327	12 
3328	424 
3329	193 
3330	156 
3331	379 
3332	385 
3333	221 
3334	105 
3335	322 
3336	161 
3337	271 
3338	330 
3339	160 
3340	142 
3341	422 
3342	301 
3343	77 
3344	109 
3345	226 
3346	136 
3347	344 
3348	286 
3349	437 
3350	27 
3351	354 
3352	5 
3353	320 
3354	247 
3355	380 
3356	314 
3357	337 
3358	356 
3359	344 
3360	255 
3361	314 
3362	119 
3363	416 
3364	240 
3365	75 
3366	442 
3367	196 
3368	37 
3369	341 
3370	214 
3371	122 
3372	395 
3373	141 
3374	106 
3375	45 
3376	413 
3377	408 
3378	414 
3379	36 
3380	351 
3381	71 
3382	304 
3383	264 
3384	293 
3385	124 
3386	374 
3387	213 
3388	364 
3389	124 
3390	166 
3391	31 
3392	231 
3393	273 
3394	403 
3395	368 
3396	203 
3397	262 
3398	101 
3399	378 
3400	366 
3401	287 
3402	269 
3403	62 
3404	137 
3405	35 
3406	141 
3407	65 
3408	430 
3409	42 
3410	188 
3411	224 
3412	6 
3413	362 
3414	287 
3415	23 
3416	142 
3417	160 
3418	432 
3419	282 
3420	102 
3421	330 
3422	121 
3423	35 
3424	152 
3425	292 
3426	187 
3427	26 
3428	195 
3429	124 
3430	246 
3431	375 
3432	293 
3433	427 
3434	43 
3435	94 
3436	81 
3437	409 
3438	148 
3439	92 
3440	344 
3441	345 
3442	283 
3443	157 
3444	170 
3445	36 
3446	411 
3447	409 
3448	137 
3449	180 
3450	287 
3451	445 
3452	6 
3453	216 
3454	109 
3455	163 
3456	12 
3457	251 
3458	18 
3459	400 
3460	80 
3461	129 
3462	234 
3463	235 
3464	13 
3465	83 
3466	182 
3467	23 
3468	307 
3469	127 
3470	432 
3471	3 
3472	284 
3473	155 
3474	185 
3475	423 
3476	4 
3477	190 
3478	388 
3479	239 
3480	370 
3481	163 
3482	224 
3483	309 
3484	130 
3485	130 
3486	48 
3487	164 
3488	9 
3489	72 
3490	180 
3491	123 
3492	80 
3493	168 
3494	249 
3495	424 
3496	93 
3497	239 
3498	1 
3499	5 
3500	418 
3501	320 
3502	271 
3503	336 
3504	147 
3505	266 
3506	319 
3507	82 
3508	394 
3509	40 
3510	273 
3511	146 
3512	185 
3513	225 
3514	25 
3515	275 
3516	271 
3517	70 
3518	339 
3519	274 
3520	378 
3521	339 
3522	4 
3523	320 
3524	334 
3525	359 
3526	9 
3527	337 
3528	404 
3529	21 
3530	200 
3531	313 
3532	109 
3533	326 
3534	326 
3535	164 
3536	18 
3537	107 
3538	411 
3539	428 
3540	394 
3541	109 
3542	284 
3543	52 
3544	447 
3545	443 
3546	117 
3547	295 
3548	432 
3549	306 
3550	161 
3551	253 
3552	426 
3553	365 
3554	16 
3555	296 
3556	208 
3557	163 
3558	202 
3559	254 
3560	340 
3561	204 
3562	130 
3563	344 
3564	336 
3565	137 
3566	400 
3567	151 
3568	253 
3569	163 
3570	176 
3571	6 
3572	339 
3573	110 
3574	128 
3575	219 
3576	181 
3577	336 
3578	302 
3579	68 
3580	296 
3581	434 
3582	168 
3583	213 
3584	331 
3585	429 
3586	423 
3587	307 
3588	54 
3589	25 
3590	297 
3591	210 
3592	282 
3593	243 
3594	246 
3595	427 
3596	414 
3597	433 
3598	268 
3599	112 
3600	265 
3601	282 
3602	229 
3603	358 
3604	278 
3605	91 
3606	30 
3607	55 
3608	256 
3609	365 
3610	402 
3611	330 
3612	311 
3613	4 
3614	176 
3615	223 
3616	207 
3617	369 
3618	201 
3619	10 
3620	103 
3621	48 
3622	289 
3623	210 
3624	154 
3625	411 
3626	375 
3627	387 
3628	245 
3629	93 
3630	295 
3631	373 
3632	366 
3633	354 
3634	447 
3635	105 
3636	366 
3637	120 
3638	184 
3639	255 
3640	64 
3641	354 
3642	384 
3643	386 
3644	93 
3645	435 
3646	356 
3647	112 
3648	296 
3649	127 
3650	134 
3651	79 
3652	151 
3653	361 
3654	289 
3655	128 
3656	131 
3657	151 
3658	319 
3659	249 
3660	218 
3661	307 
3662	112 
3663	381 
3664	81 
3665	443 
3666	18 
3667	6 
3668	43 
3669	16 
3670	66 
3671	203 
3672	99 
3673	321 
3674	98 
3675	409 
3676	175 
3677	244 
3678	163 
3679	392 
3680	423 
3681	100 
3682	12 
3683	43 
3684	114 
3685	252 
3686	172 
3687	185 
3688	270 
3689	445 
3690	26 
3691	276 
3692	211 
3693	397 
3694	170 
3695	396 
3696	102 
3697	428 
3698	339 
3699	336 
3700	117 
3701	185 
3702	141 
3703	278 
3704	335 
3705	50 
3706	354 
3707	151 
3708	166 
3709	248 
3710	346 
3711	146 
3712	381 
3713	370 
3714	18 
3715	234 
3716	422 
3717	296 
3718	435 
3719	143 
3720	312 
3721	299 
3722	43 
3723	29 
3724	110 
3725	81 
3726	281 
3727	176 
3728	129 
3729	408 
3730	227 
3731	267 
3732	328 
3733	118 
3734	277 
3735	380 
3736	396 
3737	31 
3738	27 
3739	191 
3740	319 
3741	367 
3742	326 
3743	310 
3744	406 
3745	20 
3746	267 
3747	445 
3748	370 
3749	143 
3750	384 
3751	165 
3752	396 
3753	391 
3754	319 
3755	251 
3756	213 
3757	298 
3758	88 
3759	80 
3760	217 
3761	422 
3762	390 
3763	404 
3764	193 
3765	169 
3766	364 
3767	280 
3768	272 
3769	149 
3770	343 
3771	1 
3772	400 
3773	347 
3774	407 
3775	289 
3776	50 
3777	206 
3778	359 
3779	305 
3780	356 
3781	414 
3782	115 
3783	376 
3784	69 
3785	307 
3786	238 
3787	377 
3788	396 
3789	86 
3790	340 
3791	224 
3792	148 
3793	129 
3794	237 
3795	75 
3796	374 
3797	267 
3798	148 
3799	171 
3800	401 
3801	73 
3802	288 
3803	283 
3804	315 
3805	167 
3806	168 
3807	246 
3808	19 
3809	35 
3810	372 
3811	306 
3812	443 
3813	291 
3814	369 
3815	116 
3816	217 
3817	118 
3818	337 
3819	132 
3820	211 
3821	122 
3822	172 
3823	308 
3824	234 
3825	251 
3826	215 
3827	214 
3828	114 
3829	335 
3830	74 
3831	161 
3832	354 
3833	321 
3834	379 
3835	16 
3836	283 
3837	160 
3838	177 
3839	244 
3840	5 
3841	160 
3842	205 
3843	423 
3844	159 
3845	48 
3846	50 
3847	41 
3848	23 
3849	272 
3850	254 
3851	373 
3852	337 
3853	146 
3854	419 
3855	229 
3856	101 
3857	342 
3858	249 
3859	324 
3860	84 
3861	309 
3862	404 
3863	154 
3864	213 
3865	417 
3866	219 
3867	361 
3868	123 
3869	122 
3870	121 
3871	388 
3872	380 
3873	51 
3874	358 
3875	209 
3876	13 
3877	438 
3878	361 
3879	262 
3880	90 
3881	295 
3882	195 
3883	145 
3884	127 
3885	111 
3886	121 
3887	74 
3888	210 
3889	319 
3890	296 
3891	130 
3892	149 
3893	185 
3894	13 
3895	409 
3896	85 
3897	39 
3898	44 
3899	426 
3900	323 
3901	281 
3902	292 
3903	268 
3904	258 
3905	225 
3906	126 
3907	288 
3908	105 
3909	154 
3910	324 
3911	110 
3912	81 
3913	342 
3914	9 
3915	257 
3916	334 
3917	379 
3918	172 
3919	354 
3920	417 
3921	243 
3922	366 
3923	322 
3924	62 
3925	227 
3926	346 
3927	235 
3928	213 
3929	154 
3930	376 
3931	71 
3932	74 
3933	13 
3934	75 
3935	55 
3936	406 
3937	41 
3938	155 
3939	419 
3940	12 
3941	402 
3942	445 
3943	302 
3944	367 
3945	251 
3946	274 
3947	353 
3948	281 
3949	48 
3950	254 
3951	61 
3952	151 
3953	137 
3954	394 
3955	148 
3956	254 
3957	247 
3958	61 
3959	12 
3960	393 
3961	121 
3962	322 
3963	63 
3964	130 
3965	366 
3966	247 
3967	81 
3968	359 
3969	295 
3970	305 
3971	50 
3972	215 
3973	193 
3974	22 
3975	448 
3976	91 
3977	270 
3978	191 
3979	152 
3980	101 
3981	269 
3982	290 
3983	133 
3984	282 
3985	299 
3986	75 
3987	380 
3988	81 
3989	4 
3990	93 
3991	401 
3992	193 
3993	358 
3994	118 
3995	4 
3996	323 
3997	45 
3998	353 
3999	62 
4000	313 
4001	209 
4002	260 
4003	359 
4004	49 
4005	228 
4006	173 
4007	82 
4008	135 
4009	397 
4010	296 
4011	172 
4012	265 
4013	160 
4014	358 
4015	330 
4016	90 
4017	358 
4018	5 
4019	14 
4020	385 
4021	127 
4022	308 
4023	152 
4024	433 
4025	9 
4026	91 
4027	133 
4028	17 
4029	115 
4030	36 
4031	138 
4032	184 
4033	186 
4034	251 
4035	356 
4036	160 
4037	272 
4038	279 
4039	238 
4040	60 
4041	58 
4042	403 
4043	163 
4044	244 
4045	165 
4046	47 
4047	184 
4048	83 
4049	182 
4050	306 
4051	216 
4052	104 
4053	313 
4054	181 
4055	341 
4056	98 
4057	310 
4058	105 
4059	257 
4060	415 
4061	311 
4062	181 
4063	439 
4064	8 
4065	319 
4066	63 
4067	286 
4068	93 
4069	167 
4070	332 
4071	272 
4072	111 
4073	115 
4074	173 
4075	160 
4076	184 
4077	439 
4078	5 
4079	166 
4080	405 
4081	116 
4082	405 
4083	261 
4084	21 
4085	313 
4086	103 
4087	341 
4088	253 
4089	154 
4090	423 
4091	157 
4092	433 
4093	183 
4094	16 
4095	60 
4096	42 
4097	333 
4098	69 
4099	75 
4100	251 
4101	44 
4102	258 
4103	391 
4104	374 
4105	120 
4106	299 
4107	408 
4108	119 
4109	62 
4110	267 
4111	60 
4112	281 
4113	90 
4114	445 
4115	71 
4116	364 
4117	364 
4118	227 
4119	138 
4120	427 
4121	254 
4122	263 
4123	14 
4124	380 
4125	163 
4126	293 
4127	272 
4128	436 
4129	326 
4130	199 
4131	306 
4132	76 
4133	292 
4134	441 
4135	427 
4136	368 
4137	311 
4138	10 
4139	196 
4140	271 
4141	364 
4142	316 
4143	38 
4144	19 
4145	340 
4146	130 
4147	210 
4148	297 
4149	39 
4150	171 
4151	394 
4152	65 
4153	173 
4154	403 
4155	320 
4156	148 
4157	169 
4158	211 
4159	54 
4160	353 
4161	189 
4162	96 
4163	328 
4164	140 
4165	16 
4166	408 
4167	46 
4168	431 
4169	316 
4170	138 
4171	196 
4172	62 
4173	54 
4174	152 
4175	288 
4176	158 
4177	42 
4178	275 
4179	65 
4180	299 
4181	230 
4182	266 
4183	239 
4184	110 
4185	402 
4186	358 
4187	33 
4188	442 
4189	207 
4190	337 
4191	323 
4192	241 
4193	123 
4194	58 
4195	17 
4196	159 
4197	52 
4198	36 
4199	274 
4200	84 
4201	202 
4202	102 
4203	129 
4204	240 
4205	331 
4206	303 
4207	201 
4208	427 
4209	308 
4210	293 
4211	180 
4212	239 
4213	292 
4214	364 
4215	26 
4216	11 
4217	153 
4218	255 
4219	56 
4220	443 
4221	334 
4222	93 
4223	134 
4224	433 
4225	188 
4226	265 
4227	415 
4228	209 
4229	261 
4230	267 
4231	311 
4232	139 
4233	316 
4234	216 
4235	360 
4236	45 
4237	9 
4238	429 
4239	401 
4240	177 
4241	205 
4242	82 
4243	67 
4244	274 
4245	350 
4246	160 
4247	334 
4248	282 
4249	5 
4250	387 
4251	35 
4252	186 
4253	330 
4254	293 
4255	61 
4256	347 
4257	220 
4258	425 
4259	88 
4260	118 
4261	151 
4262	253 
4263	328 
4264	352 
4265	140 
4266	104 
4267	130 
4268	399 
4269	5 
4270	224 
4271	287 
4272	407 
4273	397 
4274	448 
4275	253 
4276	254 
4277	415 
4278	119 
4279	103 
4280	57 
4281	253 
4282	327 
4283	48 
4284	229 
4285	148 
4286	258 
4287	421 
4288	65 
4289	212 
4290	55 
4291	44 
4292	247 
4293	81 
4294	332 
4295	433 
4296	173 
4297	92 
4298	446 
4299	187 
4300	240 
4301	234 
4302	336 
4303	86 
4304	194 
4305	46 
4306	121 
4307	257 
4308	433 
4309	123 
4310	439 
4311	433 
4312	213 
4313	295 
4314	396 
4315	100 
4316	189 
4317	339 
4318	289 
4319	258 
4320	101 
4321	343 
4322	282 
4323	269 
4324	140 
4325	184 
4326	237 
4327	320 
4328	449 
4329	83 
4330	188 
4331	41 
4332	430 
4333	50 
4334	421 
4335	291 
4336	312 
4337	326 
4338	92 
4339	403 
4340	431 
4341	151 
4342	54 
4343	150 
4344	53 
4345	74 
4346	260 
4347	67 
4348	112 
4349	261 
4350	375 
4351	242 
4352	200 
4353	211 
4354	119 
4355	129 
4356	60 
4357	165 
4358	248 
4359	203 
4360	75 
4361	132 
4362	125 
4363	128 
4364	111 
4365	86 
4366	61 
4367	5 
4368	63 
4369	60 
4370	29 
4371	173 
4372	283 
4373	267 
4374	225 
4375	329 
4376	449 
4377	265 
4378	339 
4379	378 
4380	292 
4381	146 
4382	239 
4383	427 
4384	447 
4385	408 
4386	181 
4387	413 
4388	53 
4389	36 
4390	341 
4391	47 
4392	42 
4393	312 
4394	212 
4395	333 
4396	230 
4397	390 
4398	47 
4399	7 
4400	129 
4401	47 
4402	102 
4403	194 
4404	56 
4405	75 
4406	366 
4407	288 
4408	147 
4409	112 
4410	347 
4411	388 
4412	448 
4413	94 
4414	140 
4415	364 
4416	364 
4417	275 
4418	114 
4419	42 
4420	111 
4421	315 
4422	58 
4423	211 
4424	89 
4425	96 
4426	387 
4427	169 
4428	293 
4429	281 
4430	148 
4431	211 
4432	60 
4433	5 
4434	341 
4435	145 
4436	313 
4437	345 
4438	211 
4439	63 
4440	427 
4441	174 
4442	362 
4443	168 
4444	26 
4445	101 
4446	126 
4447	287 
4448	10 
4449	361 
4450	305 
4451	334 
4452	226 
4453	125 
4454	429 
4455	320 
4456	181 
4457	306 
4458	154 
4459	160 
4460	15 
4461	15 
4462	47 
4463	433 
4464	319 
4465	241 
4466	310 
4467	350 
4468	64 
4469	287 
4470	417 
4471	443 
4472	8 
4473	311 
4474	73 
4475	375 
4476	280 
4477	295 
4478	37 
4479	369 
4480	267 
4481	184 
4482	3 
4483	224 
4484	143 
4485	413 
4486	118 
4487	343 
4488	417 
4489	402 
4490	132 
4491	198 
4492	24 
4493	198 
4494	198 
4495	437 
4496	72 
4497	128 
4498	319 
4499	445 
4500	347 
4501	70 
4502	417 
4503	251 
4504	394 
4505	148 
4506	290 
4507	417 
4508	157 
4509	60 
4510	217 
4511	409 
4512	431 
4513	396 
4514	58 
4515	434 
4516	273 
4517	70 
4518	180 
4519	130 
4520	89 
4521	83 
4522	16 
4523	11 
4524	27 
4525	380 
4526	216 
4527	58 
4528	267 
4529	58 
4530	278 
4531	337 
4532	234 
4533	343 
4534	32 
4535	89 
4536	39 
4537	334 
4538	191 
4539	226 
4540	289 
4541	105 
4542	207 
4543	180 
4544	248 
4545	38 
4546	185 
4547	445 
4548	387 
4549	306 
4550	129 
4551	129 
4552	28 
4553	73 
4554	132 
4555	301 
4556	175 
4557	75 
4558	180 
4559	249 
4560	276 
4561	274 
4562	352 
4563	93 
4564	184 
4565	256 
4566	203 
4567	143 
4568	70 
4569	344 
4570	422 
4571	398 
4572	58 
4573	181 
4574	193 
4575	143 
4576	104 
4577	238 
4578	220 
4579	81 
4580	449 
4581	258 
4582	287 
4583	146 
4584	380 
4585	30 
4586	172 
4587	229 
4588	54 
4589	237 
4590	198 
4591	315 
4592	110 
4593	22 
4594	40 
4595	205 
4596	120 
4597	328 
4598	61 
4599	246 
4600	423 
4601	425 
4602	176 
4603	407 
4604	281 
4605	383 
4606	166 
4607	25 
4608	19 
4609	182 
4610	22 
4611	230 
4612	420 
4613	329 
4614	337 
4615	339 
4616	167 
4617	118 
4618	423 
4619	171 
4620	226 
4621	16 
4622	370 
4623	38 
4624	117 
4625	386 
4626	308 
4627	229 
4628	11 
4629	51 
4630	9 
4631	23 
4632	353 
4633	370 
4634	413 
4635	426 
4636	36 
4637	424 
4638	424 
4639	227 
4640	100 
4641	50 
4642	145 
4643	195 
4644	308 
4645	205 
4646	184 
4647	398 
4648	393 
4649	288 
4650	286 
4651	372 
4652	274 
4653	420 
4654	271 
4655	144 
4656	247 
4657	242 
4658	200 
4659	184 
4660	304 
4661	436 
4662	8 
4663	305 
4664	307 
4665	270 
4666	390 
4667	175 
4668	297 
4669	167 
4670	210 
4671	325 
4672	85 
4673	2 
4674	139 
4675	207 
4676	229 
4677	91 
4678	376 
4679	271 
4680	271 
4681	272 
4682	61 
4683	273 
4684	141 
4685	384 
4686	58 
4687	184 
4688	232 
4689	160 
4690	412 
4691	388 
4692	121 
4693	381 
4694	109 
4695	72 
4696	52 
4697	69 
4698	96 
4699	108 
4700	195 
4701	119 
4702	173 
4703	52 
4704	400 
4705	376 
4706	255 
4707	11 
4708	16 
4709	23 
4710	213 
4711	165 
4712	34 
4713	36 
4714	344 
4715	442 
4716	67 
4717	429 
4718	203 
4719	45 
4720	299 
4721	331 
4722	7 
4723	177 
4724	187 
4725	6 
4726	283 
4727	426 
4728	376 
4729	396 
4730	164 
4731	84 
4732	419 
4733	242 
4734	202 
4735	53 
4736	178 
4737	25 
4738	376 
4739	112 
4740	347 
4741	98 
4742	295 
4743	403 
4744	114 
4745	39 
4746	198 
4747	431 
4748	191 
4749	244 
4750	287 
4751	377 
4752	347 
4753	65 
4754	148 
4755	419 
4756	217 
4757	118 
4758	28 
4759	172 
4760	129 
4761	357 
4762	288 
4763	45 
4764	9 
4765	378 
4766	118 
4767	184 
4768	57 
4769	315 
4770	204 
4771	63 
4772	64 
4773	348 
4774	316 
4775	212 
4776	435 
4777	245 
4778	445 
4779	122 
4780	198 
4781	211 
4782	309 
4783	102 
4784	177 
4785	29 
4786	268 
4787	340 
4788	428 
4789	219 
4790	245 
4791	61 
4792	329 
4793	199 
4794	70 
4795	309 
4796	423 
4797	362 
4798	229 
4799	426 
4800	426 
4801	30 
4802	260 
4803	409 
4804	257 
4805	239 
4806	126 
4807	306 
4808	76 
4809	397 
4810	304 
4811	210 
4812	90 
4813	349 
4814	54 
4815	101 
4816	294 
4817	392 
4818	165 
4819	294 
4820	25 
4821	5 
4822	350 
4823	443 
4824	27 
4825	271 
4826	72 
4827	60 
4828	117 
4829	84 
4830	339 
4831	409 
4832	152 
4833	23 
4834	235 
4835	296 
4836	423 
4837	182 
4838	335 
4839	112 
4840	288 
4841	385 
4842	252 
4843	298 
4844	266 
4845	403 
4846	294 
4847	7 
4848	309 
4849	285 
4850	205 
4851	187 
4852	189 
4853	315 
4854	89 
4855	44 
4856	397 
4857	275 
4858	289 
4859	340 
4860	250 
4861	195 
4862	211 
4863	356 
4864	393 
4865	297 
4866	422 
4867	448 
4868	261 
4869	34 
4870	361 
4871	282 
4872	385 
4873	421 
4874	394 
4875	227 
4876	83 
4877	304 
4878	448 
4879	37 
4880	443 
4881	360 
4882	422 
4883	376 
4884	21 
4885	315 
4886	414 
4887	101 
4888	308 
4889	140 
4890	229 
4891	217 
4892	241 
4893	175 
4894	380 
4895	320 
4896	367 
4897	45 
4898	18 
4899	236 
4900	19 
4901	310 
4902	357 
4903	336 
4904	354 
4905	242 
4906	250 
4907	150 
4908	312 
4909	25 
4910	188 
4911	325 
4912	174 
4913	319 
4914	195 
4915	377 
4916	143 
4917	305 
4918	259 
4919	208 
4920	369 
4921	164 
4922	396 
4923	117 
4924	6 
4925	106 
4926	252 
4927	110 
4928	248 
4929	13 
4930	257 
4931	80 
4932	331 
4933	177 
4934	143 
4935	6 
4936	171 
4937	112 
4938	22 
4939	111 
4940	227 
4941	190 
4942	9 
4943	290 
4944	276 
4945	158 
4946	80 
4947	400 
4948	127 
4949	57 
4950	124 
4951	406 
4952	198 
4953	283 
4954	106 
4955	379 
4956	369 
4957	271 
4958	56 
4959	294 
4960	222 
4961	351 
4962	93 
4963	3 
4964	224 
4965	138 
4966	64 
4967	258 
4968	326 
4969	270 
4970	230 
4971	9 
4972	303 
4973	186 
4974	18 
4975	89 
4976	268 
4977	344 
4978	414 
4979	407 
4980	9 
4981	203 
4982	334 
4983	310 
4984	103 
4985	16 
4986	22 
4987	407 
4988	343 
4989	260 
4990	350 
4991	434 
4992	449 
4993	103 
4994	257 
4995	36 
4996	182 
4997	31 
4998	304 
4999	441 
5000	161 
5001	405 
5002	213 
5003	292 
5004	237 
5005	407 
5006	63 
5007	252 
5008	292 
5009	320 
5010	127 
5011	365 
5012	4 
5013	179 
5014	214 
5015	359 
5016	307 
5017	308 
5018	61 
5019	271 
5020	48 
5021	50 
5022	208 
5023	188 
5024	247 
5025	102 
5026	72 
5027	263 
5028	426 
5029	44 
5030	21 
5031	417 
5032	91 
5033	409 
5034	420 
5035	82 
5036	242 
5037	42 
5038	164 
5039	152 
5040	129 
5041	390 
5042	375 
5043	219 
5044	144 
5045	407 
5046	319 
5047	114 
5048	443 
5049	123 
5050	299 
5051	343 
5052	380 
5053	332 
5054	272 
5055	372 
5056	311 
5057	123 
5058	51 
5059	332 
5060	191 
5061	79 
5062	341 
5063	375 
5064	365 
5065	50 
5066	361 
5067	80 
5068	109 
5069	79 
5070	311 
5071	438 
5072	36 
5073	210 
5074	118 
5075	89 
5076	46 
5077	447 
5078	437 
5079	295 
5080	344 
5081	435 
5082	340 
5083	180 
5084	217 
5085	61 
5086	361 
5087	333 
5088	360 
5089	305 
5090	51 
5091	168 
5092	204 
5093	124 
5094	20 
5095	1 
5096	208 
5097	151 
5098	194 
5099	134 
5100	439 
5101	436 
5102	91 
5103	428 
5104	358 
5105	270 
5106	204 
5107	58 
5108	330 
5109	70 
5110	346 
5111	116 
5112	399 
5113	430 
5114	184 
5115	159 
5116	337 
5117	325 
5118	177 
5119	126 
5120	238 
5121	129 
5122	438 
5123	270 
5124	203 
5125	326 
5126	380 
5127	337 
5128	333 
5129	258 
5130	45 
5131	418 
5132	271 
5133	230 
5134	65 
5135	263 
5136	290 
5137	429 
5138	266 
5139	346 
5140	420 
5141	180 
5142	215 
5143	347 
5144	256 
5145	6 
5146	381 
5147	208 
5148	218 
5149	390 
5150	160 
5151	192 
5152	98 
5153	387 
5154	353 
5155	345 
5156	394 
5157	423 
5158	24 
5159	358 
5160	411 
5161	100 
5162	15 
5163	165 
5164	407 
5165	26 
5166	5 
5167	15 
5168	138 
5169	8 
5170	259 
5171	79 
5172	230 
5173	427 
5174	118 
5175	103 
5176	337 
5177	282 
5178	118 
5179	329 
5180	308 
5181	42 
5182	222 
5183	425 
5184	423 
5185	49 
5186	423 
5187	8 
5188	354 
5189	328 
5190	177 
5191	81 
5192	139 
5193	378 
5194	358 
5195	249 
5196	9 
5197	251 
5198	224 
5199	269 
5200	235 
5201	186 
5202	39 
5203	62 
5204	62 
5205	104 
5206	6 
5207	89 
5208	239 
5209	204 
5210	213 
5211	447 
5212	376 
5213	373 
5214	102 
5215	441 
5216	136 
5217	393 
5218	42 
5219	429 
5220	443 
5221	3 
5222	274 
5223	50 
5224	443 
5225	64 
5226	350 
5227	76 
5228	168 
5229	200 
5230	408 
5231	328 
5232	276 
5233	424 
5234	213 
5235	55 
5236	1 
5237	32 
5238	276 
5239	155 
5240	167 
5241	350 
5242	433 
5243	435 
5244	166 
5245	352 
5246	281 
5247	271 
5248	268 
5249	427 
5250	299 
5251	291 
5252	178 
5253	445 
5254	303 
5255	108 
5256	51 
5257	208 
5258	287 
5259	341 
5260	158 
5261	404 
5262	201 
5263	131 
5264	362 
5265	53 
5266	364 
5267	285 
5268	244 
5269	52 
5270	236 
5271	387 
5272	50 
5273	5 
5274	420 
5275	266 
5276	8 
5277	449 
5278	160 
5279	403 
5280	62 
5281	375 
5282	235 
5283	181 
5284	242 
5285	403 
5286	335 
5287	85 
5288	380 
5289	205 
5290	327 
5291	329 
5292	417 
5293	252 
5294	152 
5295	270 
5296	299 
5297	203 
5298	397 
5299	79 
5300	86 
5301	174 
5302	447 
5303	388 
5304	345 
5305	57 
5306	176 
5307	203 
5308	235 
5309	381 
5310	217 
5311	151 
5312	35 
5313	75 
5314	200 
5315	387 
5316	211 
5317	76 
5318	294 
5319	233 
5320	35 
5321	222 
5322	1 
5323	3 
5324	411 
5325	207 
5326	445 
5327	151 
5328	174 
5329	184 
5330	394 
5331	91 
5332	392 
5333	394 
5334	88 
5335	234 
5336	149 
5337	2 
5338	449 
5339	216 
5340	184 
5341	443 
5342	32 
5343	325 
5344	229 
5345	269 
5346	443 
5347	305 
5348	378 
5349	343 
5350	2 
5351	29 
5352	119 
5353	375 
5354	6 
5355	106 
5356	275 
5357	163 
5358	347 
5359	439 
5360	254 
5361	407 
5362	329 
5363	333 
5364	336 
5365	126 
5366	171 
5367	419 
5368	260 
5369	27 
5370	226 
5371	111 
5372	233 
5373	86 
5374	184 
5375	400 
5376	49 
5377	341 
5378	187 
5379	241 
5380	276 
5381	115 
5382	9 
5383	22 
5384	373 
5385	349 
5386	195 
5387	218 
5388	73 
5389	5 
5390	220 
5391	27 
5392	267 
5393	309 
5394	296 
5395	16 
5396	36 
5397	102 
5398	306 
5399	390 
5400	256 
5401	289 
5402	384 
5403	381 
5404	104 
5405	288 
5406	248 
5407	238 
5408	159 
5409	105 
5410	16 
5411	445 
5412	104 
5413	215 
5414	357 
5415	290 
5416	408 
5417	377 
5418	199 
5419	424 
5420	164 
5421	47 
5422	411 
5423	322 
5424	384 
5425	35 
5426	8 
5427	151 
5428	152 
5429	376 
5430	63 
5431	199 
5432	62 
5433	383 
5434	129 
5435	372 
5436	328 
5437	139 
5438	282 
5439	257 
5440	76 
5441	423 
5442	231 
5443	19 
5444	315 
5445	320 
5446	413 
5447	24 
5448	449 
5449	274 
5450	379 
5451	61 
5452	347 
5453	19 
5454	130 
5455	141 
5456	446 
5457	42 
5458	160 
5459	198 
5460	272 
5461	315 
5462	2 
5463	279 
5464	418 
5465	287 
5466	168 
5467	279 
5468	41 
5469	239 
5470	272 
5471	116 
5472	39 
5473	69 
5474	29 
5475	81 
5476	57 
5477	249 
5478	193 
5479	198 
5480	107 
5481	208 
5482	199 
5483	311 
5484	380 
5485	334 
5486	299 
5487	31 
5488	230 
5489	408 
5490	194 
5491	79 
5492	11 
5493	332 
5494	287 
5495	152 
5496	175 
5497	235 
5498	274 
5499	108 
5500	289 
5501	265 
5502	306 
5503	158 
5504	186 
5505	352 
5506	313 
5507	229 
5508	443 
5509	102 
5510	276 
5511	65 
5512	439 
5513	192 
5514	244 
5515	341 
5516	245 
5517	101 
5518	290 
5519	9 
5520	90 
5521	433 
5522	96 
5523	377 
5524	229 
5525	415 
5526	263 
5527	341 
5528	103 
5529	353 
5530	412 
5531	276 
5532	129 
5533	46 
5534	140 
5535	55 
5536	211 
5537	60 
5538	105 
5539	329 
5540	219 
5541	209 
5542	44 
5543	367 
5544	316 
5545	204 
5546	2 
5547	267 
5548	26 
5549	160 
5550	356 
5551	289 
5552	166 
5553	219 
5554	131 
5555	138 
5556	307 
5557	110 
5558	214 
5559	89 
5560	270 
5561	292 
5562	115 
5563	112 
5564	311 
5565	208 
5566	55 
5567	49 
5568	202 
5569	377 
5570	45 
5571	62 
5572	429 
5573	352 
5574	23 
5575	177 
5576	360 
5577	259 
5578	51 
5579	331 
5580	42 
5581	291 
5582	449 
5583	219 
5584	307 
5585	36 
5586	130 
5587	163 
5588	233 
5589	63 
5590	347 
5591	408 
5592	42 
5593	139 
5594	394 
5595	391 
5596	339 
5597	39 
5598	214 
5599	139 
5600	339 
5601	65 
5602	159 
5603	174 
5604	47 
5605	71 
5606	121 
5607	438 
5608	198 
5609	90 
5610	285 
5611	285 
5612	237 
5613	442 
5614	119 
5615	9 
5616	160 
5617	266 
5618	212 
5619	71 
5620	320 
5621	103 
5622	407 
5623	340 
5624	265 
5625	165 
5626	354 
5627	299 
5628	411 
5629	9 
5630	420 
5631	391 
5632	154 
5633	288 
5634	75 
5635	232 
5636	115 
5637	341 
5638	248 
5639	132 
5640	100 
5641	172 
5642	344 
5643	271 
5644	218 
5645	433 
5646	19 
5647	193 
5648	356 
5649	65 
5650	311 
5651	281 
5652	212 
5653	274 
5654	64 
5655	426 
5656	211 
5657	439 
5658	303 
5659	383 
5660	115 
5661	393 
5662	48 
5663	431 
5664	131 
5665	223 
5666	129 
5667	345 
5668	39 
5669	64 
5670	390 
5671	208 
5672	405 
5673	201 
5674	248 
5675	348 
5676	80 
5677	276 
5678	339 
5679	9 
5680	443 
5681	152 
5682	103 
5683	213 
5684	101 
5685	385 
5686	198 
5687	390 
5688	170 
5689	58 
5690	246 
5691	353 
5692	56 
5693	22 
5694	386 
5695	276 
5696	426 
5697	225 
5698	152 
5699	298 
5700	394 
5701	357 
5702	139 
5703	344 
5704	247 
5705	192 
5706	149 
5707	37 
5708	299 
5709	250 
5710	82 
5711	407 
5712	218 
5713	171 
5714	341 
5715	100 
5716	446 
5717	407 
5718	139 
5719	62 
5720	4 
5721	224 
5722	346 
5723	332 
5724	73 
5725	138 
5726	135 
5727	114 
5728	19 
5729	392 
5730	65 
5731	249 
5732	19 
5733	29 
5734	274 
5735	24 
5736	429 
5737	149 
5738	148 
5739	266 
5740	85 
5741	248 
5742	18 
5743	54 
5744	132 
5745	163 
5746	253 
5747	172 
5748	67 
5749	440 
5750	364 
5751	330 
5752	32 
5753	178 
5754	84 
5755	144 
5756	230 
5757	183 
5758	408 
5759	379 
5760	436 
5761	232 
5762	387 
5763	422 
5764	366 
5765	305 
5766	176 
5767	434 
5768	187 
5769	45 
5770	177 
5771	248 
5772	47 
5773	404 
5774	290 
5775	237 
5776	219 
5777	291 
5778	354 
5779	127 
5780	61 
5781	247 
5782	116 
5783	330 
5784	315 
5785	131 
5786	315 
5787	259 
5788	141 
5789	9 
5790	237 
5791	447 
5792	121 
5793	289 
5794	16 
5795	130 
5796	73 
5797	260 
5798	244 
5799	116 
5800	153 
5801	314 
5802	254 
5803	6 
5804	275 
5805	316 
5806	75 
5807	117 
5808	279 
5809	295 
5810	70 
5811	256 
5812	352 
5813	334 
5814	149 
5815	202 
5816	242 
5817	372 
5818	40 
5819	425 
5820	216 
5821	71 
5822	332 
5823	48 
5824	213 
5825	441 
5826	207 
5827	441 
5828	99 
5829	154 
5830	64 
5831	295 
5832	377 
5833	195 
5834	376 
5835	408 
5836	185 
5837	204 
5838	65 
5839	116 
5840	75 
5841	255 
5842	361 
5843	393 
5844	272 
5845	65 
5846	151 
5847	237 
5848	256 
5849	107 
5850	279 
5851	229 
5852	271 
5853	238 
5854	182 
5855	387 
5856	280 
5857	406 
5858	88 
5859	289 
5860	145 
5861	65 
5862	88 
5863	109 
5864	404 
5865	159 
5866	47 
5867	381 
5868	167 
5869	183 
5870	31 
5871	107 
5872	174 
5873	274 
5874	325 
5875	46 
5876	117 
5877	352 
5878	189 
5879	4 
5880	266 
5881	361 
5882	430 
5883	248 
5884	57 
5885	186 
5886	71 
5887	103 
5888	135 
5889	51 
5890	84 
5891	143 
5892	289 
5893	44 
5894	427 
5895	281 
5896	313 
5897	328 
5898	96 
5899	107 
5900	55 
5901	291 
5902	7 
5903	393 
5904	84 
5905	281 
5906	148 
5907	148 
5908	64 
5909	433 
5910	191 
5911	399 
5912	125 
5913	420 
5914	118 
5915	79 
5916	214 
5917	149 
5918	443 
5919	186 
5920	110 
5921	7 
5922	347 
5923	387 
5924	273 
5925	139 
5926	183 
5927	99 
5928	133 
5929	413 
5930	40 
5931	117 
5932	223 
5933	101 
5934	177 
5935	425 
5936	449 
5937	128 
5938	408 
5939	90 
5940	366 
5941	43 
5942	69 
5943	319 
5944	375 
5945	446 
5946	448 
5947	226 
5948	108 
5949	44 
5950	307 
5951	287 
5952	54 
5953	258 
5954	250 
5955	449 
5956	158 
5957	3 
5958	418 
5959	217 
5960	159 
5961	241 
5962	15 
5963	413 
5964	293 
5965	275 
5966	76 
5967	256 
5968	5 
5969	112 
5970	3 
5971	326 
5972	439 
5973	250 
5974	308 
5975	331 
5976	352 
5977	41 
5978	377 
5979	85 
5980	289 
5981	403 
5982	215 
5983	438 
5984	425 
5985	24 
5986	408 
5987	381 
5988	185 
5989	117 
5990	428 
5991	185 
5992	257 
5993	48 
5994	169 
5995	374 
5996	422 
5997	167 
5998	103 
5999	272 
6000	159 
6001	50 
6002	411 
6003	130 
6004	253 
6005	385 
6006	339 
6007	69 
6008	392 
6009	392 
6010	270 
6011	118 
6012	90 
6013	439 
6014	205 
6015	369 
6016	213 
6017	361 
6018	400 
6019	213 
6020	153 
6021	310 
6022	213 
6023	283 
6024	172 
6025	337 
6026	177 
6027	120 
6028	69 
6029	213 
6030	268 
6031	285 
6032	364 
6033	339 
6034	407 
6035	411 
6036	186 
6037	223 
6038	151 
6039	149 
6040	178 
6041	291 
6042	328 
6043	242 
6044	180 
6045	276 
6046	210 
6047	107 
6048	103 
6049	306 
6050	111 
6051	123 
6052	149 
6053	210 
6054	358 
6055	203 
6056	244 
6057	316 
6058	397 
6059	152 
6060	348 
6061	29 
6062	322 
6063	375 
6064	219 
6065	80 
6066	242 
6067	112 
6068	306 
6069	89 
6070	43 
6071	227 
6072	44 
6073	88 
6074	380 
6075	399 
6076	3 
6077	224 
6078	362 
6079	178 
6080	194 
6081	419 
6082	93 
6083	178 
6084	263 
6085	272 
6086	224 
6087	54 
6088	356 
6089	21 
6090	397 
6091	408 
6092	195 
6093	341 
6094	175 
6095	16 
6096	11 
6097	252 
6098	164 
6099	39 
6100	80 
6101	280 
6102	88 
6103	345 
6104	88 
6105	337 
6106	298 
6107	213 
6108	203 
6109	360 
6110	38 
6111	307 
6112	388 
6113	436 
6114	424 
6115	400 
6116	204 
6117	442 
6118	247 
6119	218 
6120	174 
6121	202 
6122	437 
6123	409 
6124	308 
6125	207 
6126	334 
6127	41 
6128	409 
6129	258 
6130	216 
6131	424 
6132	315 
6133	361 
6134	61 
6135	212 
6136	160 
6137	193 
6138	120 
6139	356 
6140	383 
6141	18 
6142	176 
6143	210 
6144	101 
6145	354 
6146	449 
6147	215 
6148	28 
6149	375 
6150	359 
6151	101 
6152	79 
6153	393 
6154	26 
6155	276 
6156	340 
6157	272 
6158	137 
6159	117 
6160	443 
6161	196 
6162	15 
6163	83 
6164	177 
6165	275 
6166	345 
6167	224 
6168	185 
6169	334 
6170	119 
6171	76 
6172	381 
6173	375 
6174	67 
6175	146 
6176	207 
6177	322 
6178	229 
6179	159 
6180	406 
6181	250 
6182	428 
6183	419 
6184	234 
6185	276 
6186	350 
6187	442 
6188	235 
6189	159 
6190	418 
6191	203 
6192	93 
6193	109 
6194	421 
6195	354 
6196	184 
6197	6 
6198	76 
6199	391 
6200	271 
6201	257 
6202	407 
6203	138 
6204	26 
6205	433 
6206	135 
6207	70 
6208	331 
6209	223 
6210	1 
6211	154 
6212	37 
6213	19 
6214	125 
6215	152 
6216	427 
6217	13 
6218	242 
6219	148 
6220	343 
6221	405 
6222	139 
6223	335 
6224	145 
6225	32 
6226	294 
6227	215 
6228	271 
6229	160 
6230	208 
6231	24 
6232	149 
6233	345 
6234	28 
6235	449 
6236	148 
6237	214 
6238	377 
6239	101 
6240	116 
6241	63 
6242	319 
6243	403 
6244	282 
6245	222 
6246	270 
6247	57 
6248	448 
6249	343 
6250	19 
6251	193 
6252	379 
6253	428 
6254	434 
6255	93 
6256	293 
6257	434 
6258	35 
6259	362 
6260	102 
6261	449 
6262	119 
6263	380 
6264	105 
6265	307 
6266	165 
6267	214 
6268	258 
6269	404 
6270	81 
6271	302 
6272	200 
6273	73 
6274	44 
6275	356 
6276	376 
6277	181 
6278	65 
6279	385 
6280	121 
6281	149 
6282	310 
6283	443 
6284	257 
6285	201 
6286	26 
6287	436 
6288	159 
6289	251 
6290	445 
6291	327 
6292	431 
6293	431 
6294	64 
6295	107 
6296	242 
6297	143 
6298	268 
6299	45 
6300	76 
6301	57 
6302	325 
6303	408 
6304	100 
6305	16 
6306	266 
6307	35 
6308	70 
6309	50 
6310	23 
6311	433 
6312	216 
6313	255 
6314	292 
6315	354 
6316	39 
6317	20 
6318	61 
6319	168 
6320	375 
6321	100 
6322	249 
6323	294 
6324	341 
6325	308 
6326	70 
6327	246 
6328	445 
6329	237 
6330	56 
6331	381 
6332	171 
6333	259 
6334	448 
6335	441 
6336	270 
6337	152 
6338	49 
6339	216 
6340	400 
6341	133 
6342	12 
6343	226 
6344	311 
6345	140 
6346	256 
6347	81 
6348	40 
6349	44 
6350	226 
6351	343 
6352	129 
6353	203 
6354	446 
6355	267 
6356	293 
6357	258 
6358	181 
6359	101 
6360	101 
6361	426 
6362	423 
6363	5 
6364	88 
6365	343 
6366	431 
6367	422 
6368	383 
6369	320 
6370	99 
6371	80 
6372	105 
6373	274 
6374	15 
6375	71 
6376	259 
6377	188 
6378	76 
6379	306 
6380	103 
6381	307 
6382	212 
6383	161 
6384	392 
6385	130 
6386	137 
6387	298 
6388	85 
6389	388 
6390	271 
6391	447 
6392	334 
6393	281 
6394	252 
6395	194 
6396	443 
6397	399 
6398	362 
6399	372 
6400	189 
6401	266 
6402	127 
6403	272 
6404	49 
6405	353 
6406	115 
6407	207 
6408	255 
6409	353 
6410	107 
6411	311 
6412	51 
6413	326 
6414	276 
6415	6 
6416	96 
6417	99 
6418	149 
6419	354 
6420	360 
6421	314 
6422	295 
6423	249 
6424	96 
6425	201 
6426	168 
6427	257 
6428	175 
6429	161 
6430	184 
6431	145 
6432	144 
6433	392 
6434	339 
6435	417 
6436	145 
6437	411 
6438	358 
6439	28 
6440	288 
6441	65 
6442	118 
6443	424 
6444	223 
6445	84 
6446	31 
6447	341 
6448	370 
6449	110 
6450	424 
6451	246 
6452	4 
6453	196 
6454	151 
6455	358 
6456	287 
6457	276 
6458	344 
6459	375 
6460	138 
6461	73 
6462	195 
6463	195 
6464	233 
6465	446 
6466	291 
6467	313 
6468	437 
6469	276 
6470	164 
6471	51 
6472	240 
6473	85 
6474	385 
6475	422 
6476	376 
6477	65 
6478	285 
6479	347 
6480	248 
6481	186 
6482	112 
6483	372 
6484	428 
6485	65 
6486	446 
6487	130 
6488	164 
6489	160 
6490	35 
6491	189 
6492	82 
6493	3 
6494	99 
6495	185 
6496	407 
6497	148 
6498	249 
6499	128 
6500	123 
6501	242 
6502	223 
6503	326 
6504	380 
6505	217 
6506	20 
6507	400 
6508	248 
6509	230 
6510	441 
6511	281 
6512	361 
6513	352 
6514	322 
6515	169 
6516	203 
6517	127 
6518	248 
6519	80 
6520	151 
6521	256 
6522	341 
6523	164 
6524	364 
6525	336 
6526	64 
6527	299 
6528	236 
6529	141 
6530	313 
6531	73 
6532	103 
6533	387 
6534	85 
6535	55 
6536	280 
6537	28 
6538	91 
6539	217 
6540	118 
6541	138 
6542	117 
6543	138 
6544	372 
6545	397 
6546	180 
6547	334 
6548	20 
6549	412 
6550	82 
6551	424 
6552	82 
6553	141 
6554	354 
6555	184 
6556	139 
6557	3 
6558	83 
6559	403 
6560	287 
6561	388 
6562	354 
6563	219 
6564	69 
6565	219 
6566	208 
6567	339 
6568	182 
6569	22 
6570	327 
6571	336 
6572	257 
6573	331 
6574	256 
6575	178 
6576	126 
6577	42 
6578	105 
6579	281 
6580	151 
6581	70 
6582	352 
6583	19 
6584	393 
6585	217 
6586	116 
6587	119 
6588	105 
6589	213 
6590	343 
6591	361 
6592	123 
6593	423 
6594	192 
6595	227 
6596	291 
6597	397 
6598	109 
6599	408 
6600	151 
6601	313 
6602	218 
6603	289 
6604	45 
6605	354 
6606	76 
6607	141 
6608	425 
6609	41 
6610	244 
6611	229 
6612	299 
6613	116 
6614	258 
6615	127 
6616	151 
6617	56 
6618	447 
6619	6 
6620	143 
6621	106 
6622	370 
6623	195 
6624	435 
6625	251 
6626	76 
6627	247 
6628	288 
6629	143 
6630	429 
6631	381 
6632	62 
6633	123 
6634	344 
6635	222 
6636	341 
6637	231 
6638	5 
6639	271 
6640	360 
6641	36 
6642	148 
6643	143 
6644	164 
6645	242 
6646	390 
6647	328 
6648	75 
6649	319 
6650	91 
6651	268 
6652	176 
6653	251 
6654	146 
6655	44 
6656	418 
6657	116 
6658	424 
6659	347 
6660	107 
6661	177 
6662	207 
6663	199 
6664	291 
6665	290 
6666	160 
6667	146 
6668	114 
6669	251 
6670	224 
6671	375 
6672	374 
6673	31 
6674	283 
6675	12 
6676	60 
6677	446 
6678	5 
6679	381 
6680	313 
6681	337 
6682	329 
6683	55 
6684	6 
6685	200 
6686	385 
6687	271 
6688	119 
6689	240 
6690	3 
6691	135 
6692	320 
6693	241 
6694	233 
6695	3 
6696	299 
6697	366 
6698	266 
6699	18 
6700	3 
6701	24 
6702	370 
6703	274 
6704	292 
6705	195 
6706	331 
6707	207 
6708	111 
6709	203 
6710	195 
6711	231 
6712	293 
6713	93 
6714	148 
6715	48 
6716	276 
6717	385 
6718	203 
6719	11 
6720	219 
6721	223 
6722	11 
6723	385 
6724	282 
6725	366 
6726	119 
6727	114 
6728	283 
6729	204 
6730	42 
6731	304 
6732	322 
6733	244 
6734	379 
6735	447 
6736	236 
6737	417 
6738	343 
6739	16 
6740	352 
6741	374 
6742	240 
6743	215 
6744	339 
6745	288 
6746	293 
6747	403 
6748	275 
6749	246 
6750	412 
6751	424 
6752	250 
6753	91 
6754	268 
6755	28 
6756	412 
6757	166 
6758	294 
6759	148 
6760	400 
6761	251 
6762	302 
6763	352 
6764	60 
6765	116 
6766	370 
6767	191 
6768	399 
6769	120 
6770	438 
6771	226 
6772	237 
6773	440 
6774	352 
6775	201 
6776	387 
6777	304 
6778	159 
6779	230 
6780	31 
6781	255 
6782	343 
6783	28 
6784	281 
6785	260 
6786	55 
6787	240 
6788	235 
6789	69 
6790	70 
6791	445 
6792	305 
6793	315 
6794	251 
6795	71 
6796	267 
6797	144 
6798	73 
6799	220 
6800	115 
6801	118 
6802	257 
6803	139 
6804	295 
6805	275 
6806	207 
6807	400 
6808	437 
6809	62 
6810	218 
6811	194 
6812	433 
6813	125 
6814	311 
6815	20 
6816	49 
6817	291 
6818	266 
6819	302 
6820	361 
6821	210 
6822	167 
6823	44 
6824	44 
6825	340 
6826	396 
6827	376 
6828	202 
6829	111 
6830	358 
6831	143 
6832	191 
6833	181 
6834	293 
6835	341 
6836	49 
6837	252 
6838	376 
6839	245 
6840	108 
6841	394 
6842	101 
6843	280 
6844	131 
6845	118 
6846	298 
6847	439 
6848	367 
6849	85 
6850	204 
6851	366 
6852	423 
6853	69 
6854	438 
6855	339 
6856	358 
6857	119 
6858	237 
6859	343 
6860	443 
6861	107 
6862	379 
6863	146 
6864	242 
6865	120 
6866	138 
6867	341 
6868	404 
6869	24 
6870	268 
6871	304 
6872	348 
6873	268 
6874	64 
6875	4 
6876	217 
6877	425 
6878	430 
6879	339 
6880	447 
6881	270 
6882	166 
6883	114 
6884	214 
6885	265 
6886	101 
6887	148 
6888	131 
6889	198 
6890	129 
6891	6 
6892	248 
6893	88 
6894	364 
6895	246 
6896	313 
6897	220 
6898	352 
6899	158 
6900	186 
6901	1 
6902	407 
6903	339 
6904	242 
6905	235 
6906	149 
6907	76 
6908	109 
6909	314 
6910	270 
6911	299 
6912	188 
6913	421 
6914	252 
6915	294 
6916	198 
6917	85 
6918	440 
6919	249 
6920	49 
6921	428 
6922	440 
6923	231 
6924	296 
6925	274 
6926	315 
6927	408 
6928	70 
6929	65 
6930	223 
6931	29 
6932	220 
6933	252 
6934	154 
6935	172 
6936	224 
6937	196 
6938	237 
6939	403 
6940	346 
6941	11 
6942	213 
6943	253 
6944	160 
6945	231 
6946	69 
6947	370 
6948	195 
6949	279 
6950	127 
6951	83 
6952	184 
6953	239 
6954	334 
6955	25 
6956	289 
6957	427 
6958	433 
6959	403 
6960	394 
6961	337 
6962	84 
6963	175 
6964	138 
6965	350 
6966	426 
6967	340 
6968	210 
6969	139 
6970	93 
6971	343 
6972	123 
6973	185 
6974	289 
6975	146 
6976	42 
6977	202 
6978	129 
6979	376 
6980	421 
6981	6 
6982	408 
6983	76 
6984	337 
6985	195 
6986	60 
6987	176 
6988	294 
6989	294 
6990	290 
6991	292 
6992	114 
6993	79 
6994	448 
6995	255 
6996	326 
6997	248 
6998	144 
6999	193 
7000	118 
7001	163 
7002	236 
7003	287 
7004	423 
7005	399 
7006	255 
7007	186 
7008	80 
7009	28 
7010	111 
7011	348 
7012	268 
7013	151 
7014	208 
7015	316 
7016	119 
7017	392 
7018	293 
7019	48 
7020	194 
7021	208 
7022	253 
7023	116 
7024	9 
7025	337 
7026	108 
7027	195 
7028	145 
7029	380 
7030	213 
7031	270 
7032	120 
7033	254 
7034	115 
7035	268 
7036	47 
7037	360 
7038	110 
7039	445 
7040	259 
7041	4 
7042	159 
7043	42 
7044	287 
7045	445 
7046	404 
7047	169 
7048	257 
7049	337 
7050	176 
7051	400 
7052	60 
7053	148 
7054	148 
7055	344 
7056	100 
7057	399 
7058	217 
7059	361 
7060	212 
7061	332 
7062	149 
7063	299 
7064	239 
7065	267 
7066	346 
7067	390 
7068	242 
7069	177 
7070	430 
7071	249 
7072	196 
7073	118 
7074	123 
7075	251 
7076	347 
7077	226 
7078	85 
7079	352 
7080	6 
7081	259 
7082	146 
7083	403 
7084	271 
7085	242 
7086	9 
7087	274 
7088	276 
7089	419 
7090	407 
7091	50 
7092	393 
7093	239 
7094	229 
7095	64 
7096	295 
7097	265 
7098	396 
7099	310 
7100	352 
7101	7 
7102	422 
7103	271 
7104	344 
7105	353 
7106	56 
7107	180 
7108	326 
7109	208 
7110	303 
7111	408 
7112	219 
7113	233 
7114	280 
7115	320 
7116	381 
7117	334 
7118	9 
7119	149 
7120	298 
7121	314 
7122	60 
7123	295 
7124	114 
7125	282 
7126	126 
7127	200 
7128	210 
7129	434 
7130	37 
7131	195 
7132	346 
7133	234 
7134	241 
7135	112 
7136	99 
7137	296 
7138	98 
7139	306 
7140	191 
7141	7 
7142	443 
7143	304 
7144	267 
7145	376 
7146	63 
7147	111 
7148	120 
7149	180 
7150	322 
7151	283 
7152	212 
7153	19 
7154	198 
7155	176 
7156	107 
7157	254 
7158	148 
7159	216 
7160	302 
7161	239 
7162	287 
7163	266 
7164	247 
7165	151 
7166	370 
7167	348 
7168	406 
7169	3 
7170	293 
7171	191 
7172	101 
7173	138 
7174	108 
7175	148 
7176	441 
7177	337 
7178	385 
7179	384 
7180	61 
7181	229 
7182	98 
7183	315 
7184	217 
7185	366 
7186	397 
7187	325 
7188	82 
7189	385 
7190	385 
7191	216 
7192	400 
7193	101 
7194	83 
7195	158 
7196	1 
7197	283 
7198	109 
7199	390 
7200	369 
7201	340 
7202	306 
7203	307 
7204	255 
7205	384 
7206	280 
7207	216 
7208	379 
7209	75 
7210	361 
7211	158 
7212	294 
7213	108 
7214	280 
7215	376 
7216	247 
7217	101 
7218	19 
7219	251 
7220	84 
7221	90 
7222	42 
7223	445 
7224	48 
7225	328 
7226	287 
7227	24 
7228	180 
7229	218 
7230	433 
7231	29 
7232	437 
7233	96 
7234	430 
7235	58 
7236	148 
7237	411 
7238	224 
7239	343 
7240	84 
7241	64 
7242	61 
7243	341 
7244	377 
7245	236 
7246	120 
7247	116 
7248	266 
7249	73 
7250	344 
7251	180 
7252	212 
7253	100 
7254	63 
7255	306 
7256	37 
7257	158 
7258	272 
7259	19 
7260	248 
7261	354 
7262	427 
7263	271 
7264	44 
7265	313 
7266	16 
7267	212 
7268	288 
7269	176 
7270	168 
7271	6 
7272	186 
7273	89 
7274	54 
7275	103 
7276	295 
7277	294 
7278	274 
7279	54 
7280	275 
7281	166 
7282	354 
7283	255 
7284	204 
7285	223 
7286	448 
7287	271 
7288	69 
7289	433 
7290	362 
7291	241 
7292	282 
7293	334 
7294	287 
7295	103 
7296	121 
7297	39 
7298	47 
7299	295 
7300	254 
7301	91 
7302	178 
7303	340 
7304	123 
7305	407 
7306	172 
7307	385 
7308	337 
7309	215 
7310	80 
7311	146 
7312	405 
7313	428 
7314	64 
7315	265 
7316	138 
7317	252 
7318	28 
7319	143 
7320	90 
7321	90 
7322	184 
7323	417 
7324	64 
7325	61 
7326	302 
7327	79 
7328	160 
7329	108 
7330	207 
7331	327 
7332	258 
7333	274 
7334	188 
7335	437 
7336	425 
7337	160 
7338	320 
7339	217 
7340	281 
7341	356 
7342	303 
7343	102 
7344	445 
7345	75 
7346	241 
7347	360 
7348	265 
7349	366 
7350	364 
7351	332 
7352	379 
7353	303 
7354	289 
7355	412 
7356	160 
7357	185 
7358	367 
7359	350 
7360	117 
7361	85 
7362	32 
7363	198 
7364	256 
7365	36 
7366	326 
7367	394 
7368	380 
7369	213 
7370	50 
7371	360 
7372	35 
7373	393 
7374	346 
7375	362 
7376	229 
7377	199 
7378	5 
7379	130 
7380	370 
7381	247 
7382	275 
7383	208 
7384	158 
7385	306 
7386	405 
7387	93 
7388	396 
7389	322 
7390	12 
7391	141 
7392	343 
7393	159 
7394	387 
7395	102 
7396	198 
7397	343 
7398	265 
7399	313 
7400	445 
7401	116 
7402	198 
7403	103 
7404	328 
7405	41 
7406	385 
7407	152 
7408	360 
7409	448 
7410	138 
7411	32 
7412	1 
7413	196 
7414	149 
7415	203 
7416	377 
7417	32 
7418	178 
7419	198 
7420	105 
7421	84 
7422	337 
7423	88 
7424	419 
7425	295 
7426	140 
7427	260 
7428	239 
7429	348 
7430	139 
7431	341 
7432	6 
7433	212 
7434	247 
7435	380 
7436	140 
7437	388 
7438	108 
7439	224 
7440	93 
7441	364 
7442	149 
7443	203 
7444	129 
7445	151 
7446	252 
7447	84 
7448	385 
7449	281 
7450	241 
7451	315 
7452	152 
7453	229 
7454	101 
7455	199 
7456	408 
7457	91 
7458	331 
7459	311 
7460	62 
7461	345 
7462	320 
7463	314 
7464	252 
7465	35 
7466	118 
7467	330 
7468	326 
7469	115 
7470	445 
7471	24 
7472	266 
7473	36 
7474	224 
7475	220 
7476	334 
7477	448 
7478	362 
7479	366 
7480	140 
7481	436 
7482	445 
7483	298 
7484	252 
7485	114 
7486	381 
7487	352 
7488	422 
7489	222 
7490	203 
7491	148 
7492	248 
7493	337 
7494	107 
7495	376 
7496	119 
7497	6 
7498	403 
7499	236 
7500	320 
7501	319 
7502	11 
7503	361 
7504	448 
7505	115 
7506	403 
7507	105 
7508	5 
7509	274 
7510	281 
7511	394 
7512	275 
7513	117 
7514	237 
7515	60 
7516	435 
7517	385 
7518	130 
7519	289 
7520	64 
7521	105 
7522	424 
7523	82 
7524	151 
7525	248 
7526	75 
7527	176 
7528	313 
7529	393 
7530	38 
7531	201 
7532	159 
7533	186 
7534	376 
7535	50 
7536	280 
7537	41 
7538	145 
7539	111 
7540	202 
7541	361 
7542	198 
7543	12 
7544	58 
7545	377 
7546	265 
7547	272 
7548	131 
7549	175 
7550	7 
7551	315 
7552	361 
7553	344 
7554	216 
7555	287 
7556	290 
7557	252 
7558	385 
7559	337 
7560	222 
7561	434 
7562	211 
7563	274 
7564	289 
7565	211 
7566	146 
7567	428 
7568	148 
7569	178 
7570	449 
7571	29 
7572	1 
7573	128 
7574	235 
7575	255 
7576	118 
7577	69 
7578	218 
7579	361 
7580	211 
7581	376 
7582	110 
7583	329 
7584	272 
7585	250 
7586	239 
7587	141 
7588	339 
7589	16 
7590	288 
7591	12 
7592	447 
7593	198 
7594	105 
7595	195 
7596	130 
7597	226 
7598	305 
7599	292 
7600	216 
7601	168 
7602	138 
7603	149 
7604	288 
7605	385 
7606	47 
7607	430 
7608	251 
7609	224 
7610	82 
7611	145 
7612	423 
7613	248 
7614	229 
7615	227 
7616	58 
7617	7 
7618	449 
7619	366 
7620	115 
7621	268 
7622	81 
7623	271 
7624	98 
7625	141 
7626	341 
7627	160 
7628	141 
7629	328 
7630	436 
7631	246 
7632	423 
7633	236 
7634	89 
7635	178 
7636	403 
7637	315 
7638	202 
7639	216 
7640	98 
7641	289 
7642	336 
7643	219 
7644	392 
7645	249 
7646	54 
7647	241 
7648	88 
7649	270 
7650	326 
7651	180 
7652	326 
7653	236 
7654	281 
7655	235 
7656	19 
7657	377 
7658	290 
7659	154 
7660	6 
7661	42 
7662	182 
7663	388 
7664	374 
7665	302 
7666	352 
7667	230 
7668	380 
7669	9 
7670	302 
7671	103 
7672	64 
7673	28 
7674	390 
7675	210 
7676	272 
7677	54 
7678	276 
7679	65 
7680	435 
7681	42 
7682	65 
7683	302 
7684	268 
7685	433 
7686	213 
7687	130 
7688	219 
7689	91 
7690	110 
7691	244 
7692	334 
7693	143 
7694	340 
7695	191 
7696	181 
7697	430 
7698	281 
7699	129 
7700	396 
7701	267 
7702	291 
7703	226 
7704	257 
7705	274 
7706	337 
7707	343 
7708	334 
7709	257 
7710	166 
7711	435 
7712	13 
7713	433 
7714	158 
7715	308 
7716	39 
7717	181 
7718	119 
7719	185 
7720	407 
7721	280 
7722	217 
7723	307 
7724	403 
7725	270 
7726	75 
7727	39 
7728	400 
7729	41 
7730	73 
7731	217 
7732	184 
7733	39 
7734	119 
7735	126 
7736	305 
7737	119 
7738	166 
7739	88 
7740	411 
7741	3 
7742	6 
7743	120 
7744	311 
7745	146 
7746	260 
7747	99 
7748	245 
7749	198 
7750	366 
7751	198 
7752	81 
7753	252 
7754	130 
7755	316 
7756	49 
7757	396 
7758	20 
7759	151 
7760	397 
7761	298 
7762	393 
7763	165 
7764	326 
7765	84 
7766	58 
7767	271 
7768	235 
7769	11 
7770	364 
7771	437 
7772	340 
7773	216 
7774	339 
7775	426 
7776	229 
7777	384 
7778	247 
7779	336 
7780	137 
7781	61 
7782	24 
7783	406 
7784	345 
7785	343 
7786	229 
7787	131 
7788	340 
7789	336 
7790	126 
7791	214 
7792	118 
7793	411 
7794	314 
7795	448 
7796	361 
7797	388 
7798	38 
7799	50 
7800	279 
7801	101 
7802	63 
7803	246 
7804	101 
7805	249 
7806	203 
7807	139 
7808	194 
7809	22 
7810	392 
7811	424 
7812	218 
7813	91 
7814	302 
7815	56 
7816	437 
7817	295 
7818	229 
7819	205 
7820	9 
7821	12 
7822	268 
7823	337 
7824	237 
7825	203 
7826	434 
7827	208 
7828	344 
7829	241 
7830	42 
7831	177 
7832	274 
7833	129 
7834	437 
7835	85 
7836	306 
7837	348 
7838	210 
7839	79 
7840	449 
7841	348 
7842	242 
7843	89 
7844	246 
7845	172 
7846	158 
7847	441 
7848	330 
7849	397 
7850	267 
7851	305 
7852	320 
7853	37 
7854	306 
7855	151 
7856	114 
7857	265 
7858	80 
7859	177 
7860	196 
7861	392 
7862	13 
7863	305 
7864	140 
7865	306 
7866	302 
7867	390 
7868	83 
7869	84 
7870	223 
7871	217 
7872	107 
7873	176 
7874	258 
7875	436 
7876	266 
7877	310 
7878	96 
7879	443 
7880	127 
7881	15 
7882	204 
7883	117 
7884	271 
7885	387 
7886	195 
7887	340 
7888	279 
7889	205 
7890	149 
7891	341 
7892	276 
7893	129 
7894	6 
7895	51 
7896	109 
7897	184 
7898	374 
7899	41 
7900	397 
7901	51 
7902	177 
7903	35 
7904	109 
7905	45 
7906	138 
7907	110 
7908	55 
7909	217 
7910	115 
7911	308 
7912	143 
7913	224 
7914	110 
7915	180 
7916	316 
7917	129 
7918	381 
7919	226 
7920	61 
7921	120 
7922	35 
7923	356 
7924	212 
7925	430 
7926	293 
7927	98 
7928	407 
7929	160 
7930	38 
7931	195 
7932	241 
7933	12 
7934	36 
7935	79 
7936	184 
7937	181 
7938	42 
7939	217 
7940	158 
7941	193 
7942	64 
7943	5 
7944	275 
7945	340 
7946	374 
7947	93 
7948	229 
7949	388 
7950	64 
7951	29 
7952	174 
7953	350 
7954	437 
7955	361 
7956	64 
7957	229 
7958	64 
7959	257 
7960	19 
7961	276 
7962	334 
7963	446 
7964	19 
7965	51 
7966	114 
7967	288 
7968	425 
7969	186 
7970	249 
7971	266 
7972	390 
7973	305 
7974	411 
7975	120 
7976	274 
7977	202 
7978	28 
7979	255 
7980	128 
7981	220 
7982	377 
7983	405 
7984	119 
7985	229 
7986	308 
7987	196 
7988	205 
7989	254 
7990	110 
7991	387 
7992	393 
7993	31 
7994	186 
7995	283 
7996	254 
7997	49 
7998	45 
7999	266 
8000	160 
8001	32 
8002	331 
8003	448 
8004	366 
8005	163 
8006	222 
8007	64 
8008	430 
8009	294 
8010	3 
8011	84 
8012	267 
8013	352 
8014	107 
8015	381 
8016	145 
8017	266 
8018	441 
8019	5 
8020	31 
8021	13 
8022	101 
8023	400 
8024	423 
8025	233 
8026	28 
8027	298 
8028	176 
8029	271 
8030	362 
8031	354 
8032	127 
8033	236 
8034	212 
8035	265 
8036	427 
8037	230 
8038	211 
8039	212 
8040	337 
8041	350 
8042	123 
8043	255 
8044	5 
8045	237 
8046	115 
8047	364 
8048	271 
8049	218 
8050	291 
8051	436 
8052	397 
8053	366 
8054	118 
8055	65 
8056	79 
8057	73 
8058	32 
8059	212 
8060	320 
8061	249 
8062	276 
8063	36 
8064	148 
8065	110 
8066	271 
8067	336 
8068	242 
8069	400 
8070	168 
8071	63 
8072	203 
8073	119 
8074	178 
8075	118 
8076	392 
8077	51 
8078	313 
8079	445 
8080	266 
8081	443 
8082	126 
8083	63 
8084	384 
8085	428 
8086	50 
8087	446 
8088	429 
8089	224 
8090	222 
8091	84 
8092	181 
8093	350 
8094	185 
8095	364 
8096	208 
8097	93 
8098	296 
8099	348 
8100	247 
8101	340 
8102	381 
8103	51 
8104	417 
8105	316 
8106	230 
8107	339 
8108	222 
8109	47 
8110	364 
8111	255 
8112	446 
8113	47 
8114	76 
8115	310 
8116	186 
8117	417 
8118	354 
8119	337 
8120	279 
8121	3 
8122	151 
8123	42 
8124	114 
8125	84 
8126	364 
8127	352 
8128	41 
8129	110 
8130	63 
8131	430 
8132	83 
8133	211 
8134	436 
8135	214 
8136	58 
8137	143 
8138	400 
8139	48 
8140	247 
8141	270 
8142	35 
8143	299 
8144	379 
8145	203 
8146	114 
8147	319 
8148	270 
8149	364 
8150	424 
8151	290 
8152	276 
8153	344 
8154	42 
8155	380 
8156	310 
8157	233 
8158	360 
8159	202 
8160	168 
8161	151 
8162	251 
8163	114 
8164	127 
8165	108 
8166	272 
8167	230 
8168	141 
8169	22 
8170	174 
8171	366 
8172	299 
8173	70 
8174	208 
8175	403 
8176	111 
8177	176 
8178	131 
8179	358 
8180	424 
8181	341 
8182	145 
8183	348 
8184	109 
8185	5 
8186	379 
8187	90 
8188	84 
8189	341 
8190	114 
8191	116 
8192	185 
8193	295 
8194	272 
8195	172 
8196	290 
8197	169 
8198	152 
8199	210 
8200	111 
8201	185 
8202	441 
8203	218 
8204	98 
8205	341 
8206	3 
8207	437 
8208	298 
8209	433 
8210	180 
8211	396 
8212	138 
8213	56 
8214	296 
8215	325 
8216	200 
8217	393 
8218	31 
8219	108 
8220	393 
8221	425 
8222	151 
8223	279 
8224	82 
8225	299 
8226	310 
8227	3 
8228	131 
8229	306 
8230	407 
8231	143 
8232	118 
8233	340 
8234	172 
8235	88 
8236	96 
8237	148 
8238	28 
8239	339 
8240	276 
8241	275 
8242	81 
8243	32 
8244	306 
8245	390 
8246	242 
8247	210 
8248	387 
8249	36 
8250	419 
8251	203 
8252	6 
8253	143 
8254	423 
8255	127 
8256	110 
8257	111 
8258	116 
8259	375 
8260	242 
8261	98 
8262	16 
8263	174 
8264	215 
8265	215 
8266	437 
8267	101 
8268	210 
8269	48 
8270	116 
8271	91 
8272	105 
8273	360 
8274	344 
8275	247 
8276	417 
8277	62 
8278	296 
8279	343 
8280	299 
8281	239 
8282	177 
8283	63 
8284	354 
8285	60 
8286	319 
8287	392 
8288	336 
8289	437 
8290	107 
8291	13 
8292	348 
8293	272 
8294	396 
8295	222 
8296	176 
8297	306 
8298	437 
8299	337 
8300	280 
8301	375 
8302	341 
8303	435 
8304	44 
8305	69 
8306	101 
8307	280 
8308	123 
8309	218 
8310	366 
8311	377 
8312	433 
8313	31 
8314	239 
8315	396 
8316	423 
8317	428 
8318	334 
8319	218 
8320	448 
8321	185 
8322	83 
8323	446 
8324	176 
8325	343 
8326	99 
8327	85 
8328	149 
8329	185 
8330	422 
8331	328 
8332	12 
8333	28 
8334	9 
8335	204 
8336	127 
8337	169 
8338	62 
8339	216 
8340	306 
8341	107 
8342	12 
8343	47 
8344	152 
8345	177 
8346	117 
8347	427 
8348	119 
8349	235 
8350	220 
8351	427 
8352	270 
8353	424 
8354	271 
8355	449 
8356	296 
8357	380 
8358	56 
8359	448 
8360	76 
8361	184 
8362	298 
8363	7 
8364	203 
8365	126 
8366	143 
8367	217 
8368	387 
8369	292 
8370	229 
8371	98 
8372	69 
8373	341 
8374	219 
8375	385 
8376	75 
8377	337 
8378	237 
8379	44 
8380	392 
8381	217 
8382	116 
8383	241 
8384	270 
8385	364 
8386	32 
8387	204 
8388	443 
8389	64 
8390	429 
8391	375 
8392	205 
8393	361 
8394	287 
8395	149 
8396	376 
8397	181 
8398	195 
8399	281 
8400	249 
8401	424 
8402	44 
8403	417 
8404	219 
8405	275 
8406	319 
8407	267 
8408	5 
8409	356 
8410	126 
8411	9 
8412	148 
8413	207 
8414	195 
8415	242 
8416	13 
8417	70 
8418	411 
8419	233 
8420	127 
8421	144 
8422	38 
8423	28 
8424	229 
8425	374 
8426	419 
8427	396 
8428	235 
8429	149 
8430	247 
8431	45 
8432	287 
8433	423 
8434	443 
8435	205 
8436	265 
8437	407 
8438	148 
8439	408 
8440	394 
8441	310 
8442	249 
8443	279 
8444	168 
8445	275 
8446	275 
8447	425 
8448	61 
8449	380 
8450	202 
8451	380 
8452	334 
8453	387 
8454	200 
8455	396 
8456	210 
8457	282 
8458	305 
8459	381 
8460	5 
8461	222 
8462	237 
8463	61 
8464	249 
8465	90 
8466	306 
8467	120 
8468	449 
8469	222 
8470	376 
8471	403 
8472	105 
8473	340 
8474	270 
8475	13 
8476	60 
8477	5 
8478	320 
8479	385 
8480	265 
8481	116 
8482	390 
8483	83 
8484	380 
8485	364 
8486	55 
8487	13 
8488	103 
8489	397 
8490	310 
8491	195 
8492	306 
8493	337 
8494	178 
8495	390 
8496	379 
8497	256 
8498	392 
8499	31 
8500	293 
8501	202 
8502	19 
8503	392 
8504	96 
8505	242 
8506	202 
8507	111 
8508	116 
8509	275 
8510	99 
8511	380 
8512	408 
8513	80 
8514	377 
8515	311 
8516	91 
8517	148 
8518	205 
8519	266 
8520	130 
8521	268 
8522	291 
8523	178 
8524	352 
8525	325 
8526	376 
8527	211 
8528	56 
8529	212 
8530	291 
8531	42 
8532	376 
8533	85 
8534	61 
8535	235 
8536	239 
8537	436 
8538	280 
8539	446 
8540	426 
8541	19 
8542	177 
8543	310 
8544	79 
8545	265 
8546	435 
8547	128 
8548	229 
8549	305 
8550	172 
8551	443 
8552	120 
8553	394 
8554	213 
8555	288 
8556	299 
8557	9 
8558	266 
8559	390 
8560	96 
8561	279 
8562	143 
8563	249 
8564	251 
8565	184 
8566	61 
8567	411 
8568	56 
8569	88 
8570	315 
8571	429 
8572	218 
8573	63 
8574	400 
8575	270 
8576	242 
8577	361 
8578	308 
8579	163 
8580	19 
8581	174 
8582	174 
8583	230 
8584	126 
8585	276 
8586	364 
8587	254 
8588	390 
8589	428 
8590	423 
8591	436 
8592	340 
8593	296 
8594	218 
8595	265 
8596	296 
8597	213 
8598	44 
8599	242 
8600	110 
8601	266 
8602	437 
8603	381 
8604	48 
8605	169 
8606	7 
8607	60 
8608	65 
8609	376 
8610	242 
8611	139 
8612	268 
8613	128 
8614	38 
8615	64 
8616	272 
8617	425 
8618	50 
8619	430 
8620	427 
8621	176 
8622	5 
8623	233 
8624	257 
8625	130 
8626	385 
8627	83 
8628	193 
8629	381 
8630	364 
8631	50 
8632	32 
8633	116 
8634	270 
8635	218 
8636	344 
8637	347 
8638	237 
8639	32 
8640	288 
8641	131 
8642	184 
8643	320 
8644	274 
8645	422 
8646	98 
8647	131 
8648	212 
8649	111 
8650	254 
8651	433 
8652	239 
8653	393 
8654	315 
8655	407 
8656	108 
8657	76 
8658	255 
8659	348 
8660	195 
8661	423 
8662	347 
8663	266 
8664	107 
8665	76 
8666	279 
8667	419 
8668	117 
8669	305 
8670	254 
8671	424 
8672	436 
8673	272 
8674	116 
8675	76 
8676	7 
8677	144 
8678	49 
8679	319 
8680	319 
8681	149 
8682	348 
8683	403 
8684	224 
8685	299 
8686	426 
8687	294 
8688	233 
8689	64 
8690	207 
8691	90 
8692	19 
8693	437 
8694	65 
8695	219 
8696	116 
8697	265 
8698	443 
8699	148 
8700	184 
8701	62 
8702	310 
8703	42 
8704	294 
8705	174 
8706	140 
8707	279 
8708	239 
8709	267 
8710	60 
8711	271 
8712	379 
8713	268 
8714	268 
8715	93 
8716	307 
8717	387 
8718	181 
8719	242 
8720	270 
8721	293 
8722	424 
8723	219 
8724	295 
8725	287 
8726	322 
8727	1 
8728	56 
8729	275 
8730	19 
8731	254 
8732	89 
8733	362 
8734	241 
8735	237 
8736	275 
8737	39 
8738	241 
8739	116 
8740	69 
8741	107 
8742	437 
8743	287 
8744	169 
8745	160 
8746	385 
8747	339 
8748	446 
8749	203 
8750	42 
8751	89 
8752	152 
8753	366 
8754	160 
8755	117 
8756	360 
8757	424 
8758	211 
8759	39 
8760	193 
8761	101 
8762	83 
8763	293 
8764	408 
8765	392 
8766	216 
8767	397 
8768	258 
8769	252 
8770	305 
8771	347 
8772	358 
8773	126 
8774	352 
8775	70 
8776	212 
8777	61 
8778	202 
8779	375 
8780	384 
8781	364 
8782	249 
8783	233 
8784	361 
8785	361 
8786	422 
8787	350 
8788	75 
8789	93 
8790	289 
8791	341 
8792	50 
8793	69 
8794	3 
8795	408 
8796	44 
8797	168 
8798	249 
8799	69 
8800	251 
8801	211 
8802	366 
8803	326 
8804	272 
8805	63 
8806	3 
8807	344 
8808	117 
8809	307 
8810	116 
8811	79 
8812	366 
8813	226 
8814	242 
8815	203 
8816	306 
8817	337 
8818	148 
8819	252 
8820	268 
8821	319 
8822	193 
8823	331 
8824	82 
8825	85 
8826	299 
8827	339 
8828	343 
8829	326 
8830	428 
8831	274 
8832	13 
8833	384 
8834	63 
8835	287 
8836	69 
8837	305 
8838	9 
8839	38 
8840	281 
8841	408 
8842	174 
8843	16 
8844	428 
8845	121 
8846	176 
8847	275 
8848	69 
8849	101 
8850	315 
8851	237 
8852	239 
8853	185 
8854	226 
8855	65 
8856	394 
8857	251 
8858	75 
8859	366 
8860	70 
8861	39 
8862	126 
8863	220 
8864	121 
8865	257 
8866	69 
8867	443 
8868	356 
8869	121 
8870	429 
8871	428 
8872	408 
8873	3 
8874	44 
8875	62 
8876	242 
8877	307 
8878	229 
8879	379 
8880	257 
8881	235 
8882	381 
8883	101 
8884	149 
8885	341 
8886	266 
8887	88 
8888	364 
8889	275 
8890	108 
8891	276 
8892	379 
8893	247 
8894	429 
8895	88 
8896	1 
8897	403 
8898	131 
8899	139 
8900	118 
8901	336 
8902	336 
8903	340 
8904	430 
8905	252 
8906	204 
8907	279 
8908	427 
8909	129 
8910	60 
8911	229 
8912	168 
8913	144 
8914	44 
8915	174 
8916	396 
8917	198 
8918	358 
8919	226 
8920	128 
8921	376 
8922	184 
8923	69 
8924	293 
8925	168 
8926	419 
8927	31 
8928	60 
8929	279 
8930	222 
8931	1 
8932	274 
8933	306 
8934	417 
8935	144 
8936	83 
8937	204 
8938	184 
8939	287 
8940	331 
8941	131 
8942	326 
8943	341 
8944	347 
8945	16 
8946	83 
8947	160 
8948	429 
8949	449 
8950	118 
8951	50 
8952	430 
8953	49 
8954	42 
8955	12 
8956	292 
8957	70 
8958	356 
8959	36 
8960	361 
8961	140 
8962	114 
8963	110 
8964	82 
8965	296 
8966	131 
8967	255 
8968	272 
8969	116 
8970	249 
8971	358 
8972	90 
8973	288 
8974	15 
8975	85 
8976	73 
8977	336 
8978	60 
8979	306 
8980	184 
8981	90 
8982	181 
8983	268 
8984	210 
8985	48 
8986	195 
8987	117 
8988	6 
8989	381 
8990	424 
8991	198 
8992	149 
8993	93 
8994	69 
8995	107 
8996	426 
8997	159 
8998	341 
8999	430 
9000	15 
9001	289 
9002	445 
9003	44 
9004	272 
9005	12 
9006	140 
9007	272 
9008	128 
9009	128 
9010	436 
9011	407 
9012	117 
9013	172 
9014	422 
9015	408 
9016	279 
9017	118 
9018	116 
9019	390 
9020	443 
9021	143 
9022	307 
9023	16 
9024	64 
9025	19 
9026	403 
9027	390 
9028	390 
9029	73 
9030	129 
9031	121 
9032	181 
9033	426 
9034	152 
9035	176 
9036	210 
9037	210 
9038	396 
9039	118 
9040	205 
9041	217 
9042	397 
9043	63 
9044	295 
9045	217 
9046	230 
9047	204 
9048	119 
9049	305 
9050	216 
9051	385 
9052	143 
9053	385 
9054	390 
9055	419 
9056	143 
9057	5 
9058	81 
9059	168 
9060	360 
9061	44 
9062	427 
9063	237 
9064	265 
9065	131 
9066	63 
9067	60 
9068	108 
9069	270 
9070	186 
9071	151 
9072	354 
9073	42 
9074	144 
9075	268 
9076	313 
9077	1 
9078	96 
9079	130 
9080	117 
9081	1 
9082	149 
9083	270 
9084	149 
9085	343 
9086	211 
9087	403 
9088	70 
9089	315 
9090	205 
9091	107 
9092	294 
9093	160 
9094	6 
9095	217 
9096	334 
9097	331 
9098	276 
9099	296 
9100	380 
9101	149 
9102	319 
9103	360 
9104	313 
9105	268 
9106	195 
9107	328 
9108	211 
9109	417 
9110	326 
9111	270 
9112	82 
9113	73 
9114	148 
9115	242 
9116	331 
9117	381 
9118	149 
9119	282 
9120	60 
9121	423 
9122	83 
9123	379 
9124	276 
9125	364 
9126	252 
9127	5 
9128	237 
9129	12 
9130	204 
9131	397 
9132	101 
9133	265 
9134	177 
9135	13 
9136	230 
9137	60 
9138	213 
9139	110 
9140	306 
9141	144 
9142	69 
9143	340 
9144	19 
9145	140 
9146	426 
9147	337 
9148	42 
9149	326 
9150	267 
9151	334 
9152	126 
9153	428 
9154	218 
9155	326 
9156	216 
9157	15 
9158	275 
9159	108 
9160	121 
9161	185 
9162	60 
9163	216 
9164	336 
9165	347 
9166	445 
9167	44 
9168	151 
9169	249 
9170	12 
9171	328 
9172	350 
9173	436 
9174	211 
9175	204 
9176	343 
9177	211 
9178	295 
9179	417 
9180	350 
9181	36 
9182	242 
9183	443 
9184	16 
9185	247 
9186	202 
9187	217 
9188	152 
9189	203 
9190	152 
9191	315 
9192	140 
9193	337 
9194	384 
9195	387 
9196	387 
9197	313 
9198	138 
9199	271 
9200	419 
9201	139 
9202	120 
9203	380 
9204	81 
9205	42 
9206	226 
9207	75 
9208	326 
9209	79 
9210	433 
9211	82 
9212	266 
9213	96 
9214	430 
9215	275 
9216	350 
9217	396 
9218	108 
9219	93 
9220	44 
9221	15 
9222	376 
9223	427 
9224	127 
9225	50 
9226	408 
9227	174 
9228	174 
9229	443 
9230	42 
9231	334 
9232	281 
9233	249 
9234	270 
9235	110 
9236	340 
9237	343 
9238	430 
9239	430 
9240	274 
9241	426 
9242	281 
9243	426 
9244	287 
9245	226 
9246	270 
9247	69 
9248	9 
9249	350 
9250	408 
9251	69 
9252	437 
9253	84 
9254	61 
9255	84 
9256	387 
9257	341 
9258	408 
9259	151 
9260	93 
9261	315 
9262	392 
9263	144 
9264	218 
9265	75 
9266	249 
9267	159 
9268	292 
9269	306 
9270	176 
9271	195 
9272	139 
9273	110 
9274	299 
9275	119 
9276	211 
9277	177 
9278	61 
9279	381 
9280	108 
9281	65 
9282	268 
9283	5 
9284	376 
9285	419 
9286	354 
9287	185 
9288	12 
9289	216 
9290	218 
9291	149 
9292	103 
9293	293 
9294	306 
9295	340 
9296	384 
9297	176 
9298	427 
9299	76 
9300	177 
9301	272 
9302	143 
9303	254 
9304	427 
9305	159 
9306	424 
9307	358 
9308	138 
9309	151 
9310	130 
9311	229 
9312	39 
9313	424 
9314	334 
9315	364 
9316	408 
9317	13 
9318	217 
9319	139 
9320	336 
9321	392 
9322	185 
9323	61 
9324	143 
9325	159 
9326	271 
9327	129 
9328	118 
9329	350 
9330	400 
9331	426 
9332	226 
9333	218 
9334	282 
9335	138 
9336	403 
9337	205 
9338	42 
9339	265 
9340	64 
9341	193 
9342	340 
9343	120 
9344	148 
9345	174 
9346	376 
9347	237 
9348	185 
9349	276 
9350	292 
9351	12 
9352	62 
9353	445 
9354	110 
9355	168 
9356	320 
9357	127 
9358	69 
9359	337 
9360	121 
9361	118 
9362	247 
9363	218 
9364	343 
9365	423 
9366	62 
9367	185 
9368	81 
9369	96 
9370	387 
9371	364 
9372	13 
9373	249 
9374	445 
9375	185 
9376	216 
9377	96 
9378	354 
9379	242 
9380	159 
9381	293 
9382	319 
9383	83 
9384	144 
9385	75 
9386	118 
9387	443 
9388	433 
9389	281 
9390	247 
9391	292 
9392	257 
9393	127 
9394	103 
9395	226 
9396	152 
9397	445 
9398	239 
9399	379 
9400	281 
9401	127 
9402	119 
9403	340 
9404	265 
9405	62 
9406	219 
9407	295 
9408	62 
9409	139 
9410	423 
9411	116 
9412	129 
9413	203 
9414	213 
9415	48 
9416	427 
9417	340 
9418	341 
9419	266 
9420	93 
9421	270 
9422	427 
9423	407 
9424	36 
9425	185 
9426	83 
9427	168 
9428	407 
9429	364 
9430	390 
9431	219 
9432	392 
9433	63 
9434	218 
9435	65 
9436	62 
9437	5 
9438	3 
9439	12 
9440	12 
9441	107 
9442	5 
9443	361 
9444	242 
9445	341 
9446	266 
9447	184 
9448	218 
9449	252 
9450	247 
9451	229 
9452	198 
9453	110 
9454	64 
9455	381 
9456	237 
9457	400 
9458	143 
9459	219 
9460	348 
9461	390 
9462	83 
9463	62 
9464	248 
9465	289 
9466	296 
9467	408 
9468	305 
9469	400 
9470	230 
9471	119 
9472	42 
9473	195 
9474	443 
9475	204 
9476	400 
9477	385 
9478	143 
9479	387 
9480	184 
9481	339 
9482	376 
9483	274 
9484	242 
9485	36 
9486	336 
9487	65 
9488	319 
9489	64 
9490	340 
9491	205 
9492	344 
9493	272 
9494	195 
9495	160 
9496	64 
9497	185 
9498	423 
9499	143 
9500	63 
9501	230 
9502	203 
9503	107 
9504	385 
9505	61 
9506	1 
9507	296 
9508	354 
9509	229 
9510	205 
9511	366 
9512	168 
9513	229 
9514	423 
9515	39 
9516	424 
9517	139 
9518	101 
9519	75 
9520	148 
9521	160 
9522	212 
9523	257 
9524	274 
9525	39 
9526	127 
9527	257 
9528	9 
9529	204 
9530	12 
9531	276 
9532	271 
9533	103 
9534	287 
9535	433 
9536	275 
9537	205 
9538	3 
9539	73 
9540	350 
9541	242 
9542	305 
9543	407 
9544	176 
9545	430 
9546	294 
9547	62 
9548	6 
9549	305 
9550	299 
9551	16 
9552	75 
9553	205 
9554	361 
9555	143 
9556	379 
9557	73 
9558	354 
9559	376 
9560	299 
9561	103 
9562	248 
9563	276 
9564	36 
9565	76 
9566	396 
9567	176 
9568	344 
9569	392 
9570	110 
9571	376 
9572	82 
9573	341 
9574	213 
9575	257 
9576	427 
9577	229 
9578	320 
9579	289 
9580	204 
9581	168 
9582	247 
9583	204 
9584	281 
9585	65 
9586	82 
9587	287 
9588	130 
9589	116 
9590	265 
9591	168 
9592	101 
9593	364 
9594	6 
9595	177 
9596	203 
9597	205 
9598	313 
9599	293 
9600	296 
9601	73 
9602	433 
9603	73 
9604	339 
9605	203 
9606	16 
9607	138 
9608	443 
9609	379 
9610	320 
9611	203 
9612	306 
9613	219 
9614	247 
9615	61 
9616	366 
9617	268 
9618	48 
9619	177 
9620	12 
9621	396 
9622	379 
9623	185 
9624	3 
9625	341 
9626	289 
9627	366 
9628	344 
9629	60 
9630	403 
9631	129 
9632	449 
9633	403 
9634	272 
9635	385 
9636	433 
9637	219 
9638	218 
9639	390 
9640	12 
9641	205 
9642	83 
9643	247 
9644	242 
9645	249 
9646	272 
9647	319 
9648	247 
9649	315 
9650	75 
9651	219 
9652	396 
9653	211 
9654	281 
9655	193 
9656	1 
9657	204 
9658	39 
9659	219 
9660	226 
9661	247 
9662	433 
9663	193 
9664	75 
9665	305 
9666	6 
9667	138 
9668	127 
9669	364 
9670	265 
9671	44 
9672	217 
9673	305 
9674	270 
9675	385 
9676	443 
9677	299 
9678	299 
9679	5 
9680	119 
9681	449 
9682	42 
9683	361 
9684	334 
9685	411 
9686	218 
9687	313 
9688	64 
9689	270 
9690	193 
9691	433 
9692	385 
9693	93 
9694	343 
9695	272 
9696	16 
9697	93 
9698	275 
9699	366 
9700	218 
9701	103 
9702	319 
9703	295 
9704	354 
9705	306 
9706	408 
9707	6 
9708	339 
9709	219 
9710	411 
9711	62 
9712	352 
9713	295 
9714	354 
9715	343 
9716	148 
9717	272 
9718	73 
9719	294 
9720	449 
9721	248 
9722	84 
9723	217 
9724	270 
9725	326 
9726	75 
9727	272 
9728	419 
9729	73 
9730	281 
9731	36 
9732	65 
9733	294 
9734	193 
9735	433 
9736	159 
9737	83 
9738	184 
9739	381 
9740	195 
9741	248 
9742	195 
9743	19 
9744	143 
9745	313 
9746	337 
9747	64 
9748	248 
9749	138 
9750	281 
9751	293 
9752	195 
9753	344 
9754	213 
9755	347 
9756	110 
9757	204 
9758	430 
9759	69 
9760	419 
9761	430 
9762	213 
9763	411 
9764	276 
9765	423 
9766	118 
9767	61 
9768	248 
9769	176 
9770	408 
9771	198 
9772	347 
9773	138 
9774	449 
9775	449 
9776	274 
9777	326 
9778	195 
9779	93 
9780	419 
9781	48 
9782	219 
9783	287 
9784	50 
9785	116 
9786	354 
9787	408 
9788	50 
9789	270 
9790	271 
9791	385 
9792	50 
9793	423 
9794	385 
9795	390 
9796	83 
9797	9 
9798	272 
9799	366 
9800	396 
9801	229 
9802	130 
9803	148 
9804	204 
9805	266 
9806	151 
9807	281 
9808	50 
9809	354 
9810	403 
9811	337 
9812	381 
9813	48 
9814	103 
9815	198 
9816	354 
9817	344 
9818	185 
9819	212 
9820	44 
9821	299 
9822	16 
9823	287 
9824	419 
9825	143 
9826	347 
9827	65 
9828	396 
9829	83 
9830	408 
9831	195 
9832	101 
9833	334 
9834	449 
9835	271 
9836	83 
9837	361 
9838	268 
9839	176 
9840	433 
9841	381 
9842	445 
9843	217 
9844	424 
9845	103 
9846	281 
9847	64 
9848	419 
9849	340 
9850	129 
9851	275 
9852	381 
9853	366 
9854	61 
9855	424 
9856	424 
9857	83 
9858	396 
9859	352 
9860	272 
9861	143 
9862	65 
9863	443 
9864	148 
9865	75 
9866	116 
9867	195 
9868	50 
9869	198 
9870	185 
9871	379 
9872	426 
9873	1 
9874	361 
9875	195 
9876	248 
9877	265 
9878	385 
9879	160 
9880	248 
9881	306 
9882	295 
9883	423 
9884	62 
9885	443 
9886	366 
9887	229 
9888	160 
9889	9 
9890	408 
9891	340 
9892	84 
9893	249 
9894	127 
9895	385 
9896	275 
9897	151 
9898	1 
9899	380 
9900	149 
9901	287 
9902	344 
9903	5 
9904	16 
9905	343 
9906	42 
9907	160 
9908	103 
9909	9 
9910	212 
9911	354 
9912	381 
9913	376 
9914	366 
9915	306 
9916	212 
9917	217 
9918	60 
9919	343 
9920	387 
9921	341 
9922	75 
9923	380 
9924	129 
9925	339 
9926	380 
9927	344 
9928	69 
9929	203 
9930	426 
9931	340 
9932	281 
9933	449 
9934	341 
9935	16 
9936	305 
9937	176 
9938	419 
9939	449 
9940	265 
9941	419 
9942	305 
9943	248 
9944	129 
9945	289 
9946	44 
9947	130 
9948	289 
9949	19 
9950	195 
9951	75 
9952	343 
9953	293 
9954	443 
9955	203 
9956	116 
9957	143 
9958	306 
9959	376 
9960	411 
9961	380 
9962	341 
9963	195 
9964	295 
9965	143 
9966	184 
9967	343 
9968	433 
9969	287 
9970	65 
9971	247 
9972	274 
9973	103 
9974	195 
9975	403 
9976	160 
9977	44 
9978	337 
9979	381 
9980	293 
9981	1 
9982	266 
9983	218 
9984	50 
9985	419 
9986	344 
9987	337 
9988	103 
9989	424 
9990	218 
9991	396 
9992	423 
9993	203 
9994	129 
9995	449 
9996	138 
9997	305 
9998	281 
9999	64 
10000	204 
