1	14 
2	14 
3	18 
4	32 
5	20 
6	2 
7	15 
8	13 
9	13 
10	25 
11	2 
12	5 
13	32 
14	4 
15	32 
16	39 
17	36 
18	13 
19	26 
20	32 
21	28 
22	33 
23	5 
24	23 
25	18 
26	14 
27	13 
28	15 
29	13 
30	33 
31	23 
32	25 
33	18 
34	17 
35	32 
36	19 
37	33 
38	10 
39	16 
40	13 
41	15 
42	20 
43	34 
44	18 
45	19 
46	12 
47	5 
48	9 
49	9 
50	28 
51	34 
52	6 
53	25 
54	13 
55	27 
56	5 
57	8 
58	39 
59	25 
60	16 
61	40 
62	16 
63	31 
64	32 
65	20 
66	34 
67	34 
68	2 
69	35 
70	7 
71	15 
72	25 
73	27 
74	25 
75	9 
76	28 
77	22 
78	5 
79	22 
80	32 
81	1 
82	31 
83	25 
84	18 
85	22 
86	3 
87	27 
88	5 
89	6 
90	38 
91	5 
92	5 
93	5 
94	38 
95	20 
96	28 
97	32 
98	33 
99	33 
100	7 
101	41 
102	25 
103	9 
104	9 
105	12 
106	13 
107	32 
108	28 
109	13 
110	35 
111	13 
112	35 
113	15 
114	15 
115	24 
116	31 
117	23 
118	11 
119	41 
120	21 
121	31 
122	33 
123	15 
124	5 
125	33 
126	37 
127	13 
128	9 
129	18 
130	24 
131	14 
132	9 
133	24 
134	31 
135	14 
136	6 
137	29 
138	19 
139	8 
140	28 
141	28 
142	26 
143	8 
144	15 
145	23 
146	41 
147	32 
148	10 
149	17 
150	28 
151	13 
152	13 
153	14 
154	19 
155	40 
156	17 
157	16 
158	31 
159	25 
160	36 
161	27 
162	5 
163	41 
164	18 
165	38 
166	41 
167	18 
168	9 
169	17 
170	33 
171	29 
172	20 
173	35 
174	15 
175	36 
176	26 
177	13 
178	35 
179	1 
180	5 
181	32 
182	38 
183	19 
184	41 
185	28 
186	15 
187	31 
188	38 
189	1 
190	12 
191	32 
192	18 
193	25 
194	25 
195	32 
196	6 
197	2 
198	26 
199	15 
200	6 
201	32 
202	18 
203	38 
204	18 
205	23 
206	29 
207	36 
208	18 
209	11 
210	23 
211	39 
212	15 
213	5 
214	8 
215	34 
216	32 
217	3 
218	11 
219	18 
220	39 
221	30 
222	28 
223	9 
224	26 
225	1 
226	40 
227	36 
228	33 
229	37 
230	24 
231	32 
232	34 
233	4 
234	25 
235	39 
236	34 
237	40 
238	23 
239	31 
240	40 
241	30 
242	18 
243	15 
244	28 
245	21 
246	13 
247	28 
248	36 
249	5 
250	28 
251	22 
252	5 
253	27 
254	33 
255	33 
256	3 
257	2 
258	11 
259	39 
260	11 
261	7 
262	35 
263	18 
264	3 
265	15 
266	21 
267	27 
268	25 
269	9 
270	32 
271	22 
272	22 
273	41 
274	15 
275	27 
276	41 
277	8 
278	39 
279	1 
280	24 
281	11 
282	32 
283	15 
284	1 
285	21 
286	18 
287	38 
288	35 
289	25 
290	6 
291	32 
292	18 
293	1 
294	37 
295	7 
296	32 
297	23 
298	19 
299	15 
300	3 
301	40 
302	16 
303	23 
304	12 
305	6 
306	27 
307	18 
308	15 
309	17 
310	32 
311	22 
312	38 
313	31 
314	26 
315	2 
316	22 
317	41 
318	19 
319	25 
320	31 
321	33 
322	32 
323	6 
324	26 
325	23 
326	25 
327	38 
328	18 
329	2 
330	41 
331	30 
332	25 
333	10 
334	20 
335	39 
336	15 
337	15 
338	23 
339	36 
340	13 
341	16 
342	33 
343	32 
344	37 
345	28 
346	26 
347	16 
348	5 
349	31 
350	1 
351	8 
352	5 
353	3 
354	26 
355	10 
356	35 
357	15 
358	14 
359	1 
360	20 
361	15 
362	39 
363	13 
364	22 
365	39 
366	23 
367	32 
368	31 
369	30 
370	9 
371	6 
372	16 
373	22 
374	15 
375	7 
376	38 
377	24 
378	14 
379	5 
380	34 
381	16 
382	6 
383	22 
384	32 
385	24 
386	27 
387	13 
388	26 
389	20 
390	32 
391	15 
392	2 
393	26 
394	26 
395	28 
396	12 
397	11 
398	18 
399	27 
400	32 
401	25 
402	2 
403	40 
404	26 
405	41 
406	35 
407	14 
408	22 
409	1 
410	25 
411	36 
412	17 
413	23 
414	21 
415	4 
416	2 
417	37 
418	33 
419	30 
420	32 
421	30 
422	24 
423	26 
424	34 
425	28 
426	9 
427	13 
428	25 
429	31 
430	26 
431	33 
432	5 
433	41 
434	33 
435	23 
436	39 
437	24 
438	35 
439	38 
440	7 
441	25 
442	28 
443	4 
444	22 
445	32 
446	28 
447	33 
448	21 
449	5 
450	5 
451	40 
452	31 
453	12 
454	40 
455	12 
456	41 
457	8 
458	18 
459	38 
460	5 
461	28 
462	24 
463	34 
464	4 
465	16 
466	29 
467	34 
468	34 
469	26 
470	32 
471	28 
472	31 
473	21 
474	27 
475	37 
476	37 
477	26 
478	26 
479	26 
480	36 
481	16 
482	15 
483	9 
484	15 
485	27 
486	14 
487	28 
488	7 
489	27 
490	38 
491	3 
492	27 
493	25 
494	24 
495	8 
496	5 
497	41 
498	4 
499	36 
500	19 
501	1 
502	34 
503	40 
504	32 
505	41 
506	7 
507	39 
508	5 
509	35 
510	32 
511	26 
512	20 
513	28 
514	22 
515	39 
516	15 
517	4 
518	39 
519	28 
520	23 
521	22 
522	1 
523	28 
524	28 
525	29 
526	15 
527	14 
528	23 
529	29 
530	38 
531	39 
532	33 
533	27 
534	12 
535	23 
536	38 
537	28 
538	26 
539	39 
540	38 
541	25 
542	5 
543	31 
544	33 
545	39 
546	32 
547	17 
548	40 
549	23 
550	40 
551	10 
552	18 
553	10 
554	3 
555	33 
556	32 
557	33 
558	25 
559	25 
560	34 
561	2 
562	18 
563	39 
564	37 
565	35 
566	22 
567	5 
568	22 
569	28 
570	15 
571	38 
572	23 
573	41 
574	28 
575	29 
576	23 
577	20 
578	27 
579	28 
580	25 
581	32 
582	38 
583	23 
584	40 
585	15 
586	31 
587	1 
588	4 
589	7 
590	41 
591	15 
592	30 
593	32 
594	18 
595	39 
596	9 
597	31 
598	25 
599	41 
600	41 
601	39 
602	26 
603	9 
604	29 
605	35 
606	28 
607	15 
608	17 
609	25 
610	23 
611	11 
612	4 
613	41 
614	9 
615	27 
616	41 
617	24 
618	13 
619	27 
620	13 
621	1 
622	40 
623	33 
624	24 
625	18 
626	30 
627	33 
628	2 
629	15 
630	14 
631	18 
632	8 
633	14 
634	1 
635	19 
636	11 
637	32 
638	23 
639	16 
640	25 
641	9 
642	32 
643	40 
644	20 
645	33 
646	33 
647	26 
648	23 
649	13 
650	12 
651	15 
652	30 
653	13 
654	5 
655	30 
656	20 
657	39 
658	10 
659	32 
660	39 
661	41 
662	24 
663	41 
664	11 
665	29 
666	15 
667	1 
668	41 
669	2 
670	13 
671	22 
672	15 
673	35 
674	27 
675	30 
676	15 
677	26 
678	9 
679	40 
680	25 
681	9 
682	9 
683	22 
684	20 
685	10 
686	9 
687	28 
688	27 
689	26 
690	14 
691	25 
692	41 
693	25 
694	15 
695	40 
696	10 
697	2 
698	40 
699	15 
700	5 
701	23 
702	13 
703	26 
704	41 
705	28 
706	18 
707	2 
708	31 
709	22 
710	5 
711	23 
712	23 
713	39 
714	27 
715	24 
716	2 
717	22 
718	9 
719	7 
720	13 
721	2 
722	15 
723	26 
724	30 
725	5 
726	35 
727	26 
728	26 
729	25 
730	27 
731	15 
732	40 
733	41 
734	30 
735	1 
736	2 
737	38 
738	25 
739	2 
740	35 
741	15 
742	41 
743	16 
744	41 
745	26 
746	28 
747	15 
748	22 
749	24 
750	26 
751	14 
752	29 
753	22 
754	13 
755	29 
756	34 
757	40 
758	41 
759	38 
760	15 
761	9 
762	33 
763	25 
764	13 
765	26 
766	14 
767	27 
768	26 
769	35 
770	40 
771	1 
772	18 
773	23 
774	27 
775	26 
776	23 
777	26 
778	9 
779	35 
780	31 
781	33 
782	38 
783	35 
784	13 
785	9 
786	5 
787	28 
788	29 
789	15 
790	18 
791	13 
792	40 
793	1 
794	20 
795	13 
796	30 
797	39 
798	40 
799	33 
800	23 
801	40 
802	13 
803	14 
804	29 
805	26 
806	38 
807	26 
808	41 
809	41 
810	16 
811	32 
812	25 
813	32 
814	41 
815	35 
816	24 
817	26 
818	31 
819	40 
820	32 
821	39 
822	27 
823	1 
824	1 
825	25 
826	26 
827	31 
828	25 
829	13 
830	23 
831	31 
832	40 
833	40 
834	23 
835	35 
836	41 
837	33 
838	28 
839	28 
840	40 
841	41 
842	23 
843	28 
844	41 
845	40 
846	1 
847	15 
848	25 
849	41 
850	18 
851	38 
852	28 
853	18 
854	16 
855	23 
856	13 
857	41 
858	41 
859	23 
860	15 
861	30 
862	26 
863	31 
864	16 
865	20 
866	22 
867	9 
868	15 
869	41 
870	40 
871	1 
872	39 
873	25 
874	15 
875	32 
876	40 
877	23 
878	23 
879	20 
880	23 
881	23 
882	5 
883	16 
884	28 
885	16 
886	33 
887	24 
888	34 
889	23 
890	28 
891	16 
892	26 
893	20 
894	33 
895	28 
896	24 
897	15 
898	38 
899	16 
900	32 
901	5 
902	33 
903	18 
904	40 
905	27 
906	13 
907	38 
908	18 
909	40 
910	33 
911	34 
912	14 
913	20 
914	41 
915	41 
916	23 
917	39 
918	40 
919	39 
920	2 
921	1 
922	40 
923	26 
924	32 
925	26 
926	13 
927	23 
928	23 
929	26 
930	1 
931	13 
932	18 
933	26 
934	22 
935	14 
936	5 
937	22 
938	14 
939	32 
940	40 
941	13 
942	35 
943	41 
944	26 
945	2 
946	24 
947	32 
948	16 
949	31 
950	33 
951	33 
952	23 
953	41 
954	13 
955	39 
956	5 
957	27 
958	18 
959	41 
960	40 
961	2 
962	18 
963	23 
964	28 
965	25 
966	16 
967	18 
968	28 
969	33 
970	32 
971	5 
972	28 
973	2 
974	9 
975	13 
976	5 
977	38 
978	13 
979	1 
980	2 
981	33 
982	25 
983	28 
984	40 
985	18 
986	40 
987	13 
988	23 
989	13 
990	2 
991	18 
992	25 
993	25 
994	32 
995	2 
996	32 
997	26 
998	22 
999	39 
1000	26 
